"","P01206"
"ENSG00000000003",11.6215784012142
"ENSG00000000005",4.14854917917621
"ENSG00000000419",13.0524310249124
"ENSG00000000457",11.3416638079904
"ENSG00000000460",9.80199141778014
"ENSG00000000938",11.0433669424842
"ENSG00000000971",14.3600319375169
"ENSG00000001036",13.0743508463729
"ENSG00000001084",13.3474034377752
"ENSG00000001167",12.3531203234254
"ENSG00000001460",10.0792865167391
"ENSG00000001461",13.0664184825218
"ENSG00000001497",12.362868299977
"ENSG00000001561",14.0060118717867
"ENSG00000001617",12.4293199493068
"ENSG00000001626",6.26402639659615
"ENSG00000001629",13.5170556406839
"ENSG00000001631",12.9222378793479
"ENSG00000002016",10.9940392301206
"ENSG00000002330",11.5031658927698
"ENSG00000002549",13.855332959289
"ENSG00000002587",9.25008720563828
"ENSG00000002726",5.37094160051266
"ENSG00000002822",10.5692112276489
"ENSG00000002834",13.6753744142561
"ENSG00000002919",11.4184550617153
"ENSG00000002933",12.6890001489384
"ENSG00000003056",14.180594906107
"ENSG00000003096",11.6430714622819
"ENSG00000003137",8.93862610980198
"ENSG00000003147",13.2544576877474
"ENSG00000003249",9.66161876141559
"ENSG00000003393",14.3172212973084
"ENSG00000003400",11.6215784012142
"ENSG00000003402",16.6275715261714
"ENSG00000003436",13.7328853742479
"ENSG00000003509",12.5394346464618
"ENSG00000003756",14.5426545499356
"ENSG00000003987",6.02301829709235
"ENSG00000003989",14.4602974941812
"ENSG00000004059",13.0703901162507
"ENSG00000004139",11.1066184987103
"ENSG00000004142",14.8010954266277
"ENSG00000004399",14.1012904263627
"ENSG00000004455",14.2799774679527
"ENSG00000004468",12.1764551757461
"ENSG00000004478",14.0778075878132
"ENSG00000004487",13.1133713464029
"ENSG00000004534",14.4991200914058
"ENSG00000004660",9.64040227550589
"ENSG00000004700",13.1324928329571
"ENSG00000004766",12.6708037540464
"ENSG00000004776",15.4612430897062
"ENSG00000004777",9.38376564087025
"ENSG00000004779",14.9727123889204
"ENSG00000004799",19.5490617593368
"ENSG00000004809",7.42156767358263
"ENSG00000004838",2.56358667845506
"ENSG00000004864",11.7005777905353
"ENSG00000004866",12.9000932382653
"ENSG00000004897",13.9249822116209
"ENSG00000004961",13.2047352758663
"ENSG00000004975",11.1143334638383
"ENSG00000005007",12.7669346814348
"ENSG00000005020",11.8233299421458
"ENSG00000005022",14.7998999054979
"ENSG00000005059",10.5803949661416
"ENSG00000005075",12.4689736834732
"ENSG00000005100",12.0413449448989
"ENSG00000005102",12.3465848873755
"ENSG00000005108",10.4883991820608
"ENSG00000005156",11.9750976664671
"ENSG00000005175",12.146669445958
"ENSG00000005187",11.0023785310333
"ENSG00000005189",9.98143919334096
"ENSG00000005194",13.2991427023666
"ENSG00000005206",11.4492830517945
"ENSG00000005238",11.9189377748799
"ENSG00000005243",11.8373822776693
"ENSG00000005249",13.4787191274057
"ENSG00000005302",11.9835468563029
"ENSG00000005339",13.3424851544634
"ENSG00000005379",11.6430714622819
"ENSG00000005381",5.37094160051266
"ENSG00000005421",2.56358667845506
"ENSG00000005436",11.7360141871005
"ENSG00000005448",9.38376564087025
"ENSG00000005469",11.4370307909704
"ENSG00000005471",11.5997602910085
"ENSG00000005483",13.8250939876571
"ENSG00000005486",11.8327133576045
"ENSG00000005513",8.17829652257027
"ENSG00000005700",14.3632730397863
"ENSG00000005801",11.8512990580045
"ENSG00000005810",14.180594906107
"ENSG00000005812",13.6986546242329
"ENSG00000005844",7.77304004408401
"ENSG00000005882",14.2060897072356
"ENSG00000005884",12.3367258851747
"ENSG00000005889",13.2083442709713
"ENSG00000005893",14.4946935114844
"ENSG00000005955",13.5796985166756
"ENSG00000005961",6.02301829709235
"ENSG00000005981",9.5061011837943
"ENSG00000006007",14.4961705477443
"ENSG00000006015",10.4523299273533
"ENSG00000006016",11.6536990981193
"ENSG00000006025",10.6773288445042
"ENSG00000006042",12.4629436013782
"ENSG00000006047",7.98985143315716
"ENSG00000006062",11.8233299421458
"ENSG00000006071",10.6668744868671
"ENSG00000006074",9.66161876141559
"ENSG00000006075",6.47047727406358
"ENSG00000006114",12.7521755241624
"ENSG00000006118",10.6350490410117
"ENSG00000006125",15.3294943159437
"ENSG00000006128",6.02301829709235
"ENSG00000006194",11.7005777905353
"ENSG00000006210",12.7571120389563
"ENSG00000006282",12.9244337626347
"ENSG00000006283",5.37094160051266
"ENSG00000006327",14.7350762555207
"ENSG00000006432",9.96446611473724
"ENSG00000006451",13.2065409019354
"ENSG00000006453",10.9772146074792
"ENSG00000006459",12.9971721196056
"ENSG00000006468",13.9006510171398
"ENSG00000006530",13.1017756105075
"ENSG00000006534",10.3117795280445
"ENSG00000006555",6.02301829709235
"ENSG00000006576",13.0900859175916
"ENSG00000006606",6.6510495197054
"ENSG00000006607",11.9537556346552
"ENSG00000006625",11.9056613464542
"ENSG00000006634",9.10274548956309
"ENSG00000006638",7.92113868307314
"ENSG00000006652",14.4235096513168
"ENSG00000006695",13.0342455525156
"ENSG00000006704",11.288100531575
"ENSG00000006712",12.9612613114033
"ENSG00000006715",13.3829674693197
"ENSG00000006740",11.3151307375442
"ENSG00000006744",13.7341377137718
"ENSG00000006747",5.73351167989737
"ENSG00000006756",11.7509387516556
"ENSG00000006757",12.5480051372562
"ENSG00000006831",14.4420208280143
"ENSG00000006837",7.20744286822978
"ENSG00000007047",11.7706009986326
"ENSG00000007062",11.196581875598
"ENSG00000007080",11.6107105905691
"ENSG00000007129",7.84898889731731
"ENSG00000007168",15.4676567550012
"ENSG00000007171",5.37094160051266
"ENSG00000007202",14.6049035942845
"ENSG00000007237",13.829787590954
"ENSG00000007255",9.80199141778014
"ENSG00000007264",2.56358667845506
"ENSG00000007312",10.6025056677474
"ENSG00000007314",9.03932010942146
"ENSG00000007341",11.6642490174603
"ENSG00000007350",10.9601914596369
"ENSG00000007376",9.10274548956309
"ENSG00000007384",12.4538509554762
"ENSG00000007392",12.9803842060611
"ENSG00000007402",9.76325902329142
"ENSG00000007516",8.3964766926198
"ENSG00000007520",11.7360141871005
"ENSG00000007541",10.6877079902842
"ENSG00000007545",11.3416638079904
"ENSG00000007866",13.2386615988405
"ENSG00000007908",10.7972063552148
"ENSG00000007923",13.6004471251281
"ENSG00000007933",10.8162521109053
"ENSG00000007944",11.7851737997199
"ENSG00000007968",5.73351167989737
"ENSG00000008018",14.4865426703635
"ENSG00000008056",10.2570736359544
"ENSG00000008083",13.4300928906813
"ENSG00000008086",10.698012998676
"ENSG00000008128",7.20744286822978
"ENSG00000008130",12.4324092332301
"ENSG00000008226",7.20744286822978
"ENSG00000008256",13.2333575669806
"ENSG00000008277",10.8256815238252
"ENSG00000008282",14.9388976759281
"ENSG00000008283",10.5803949661416
"ENSG00000008294",14.9125913964828
"ENSG00000008300",8.05543977478473
"ENSG00000008311",14.4542309620741
"ENSG00000008324",11.2395437113968
"ENSG00000008382",10.476476014685
"ENSG00000008394",13.4636987414325
"ENSG00000008405",12.8103272769482
"ENSG00000008441",12.6734173327339
"ENSG00000008513",14.9995173301587
"ENSG00000008516",6.47047727406358
"ENSG00000008517",11.509030514833
"ENSG00000008710",13.3025233601312
"ENSG00000008735",6.26402639659615
"ENSG00000008838",13.0054933829973
"ENSG00000008853",13.5572327384717
"ENSG00000008869",14.0499189312237
"ENSG00000008952",14.4872855617501
"ENSG00000008988",16.0259611375381
"ENSG00000009307",17.4184063738311
"ENSG00000009335",14.3632730397863
"ENSG00000009413",13.2786906876912
"ENSG00000009694",8.54086660195497
"ENSG00000009780",11.0514267122781
"ENSG00000009790",7.31847418061853
"ENSG00000009830",11.6377281412076
"ENSG00000009844",13.2940568156393
"ENSG00000009950",9.83971108372929
"ENSG00000009954",13.7012182766905
"ENSG00000010017",13.0240425747647
"ENSG00000010030",5.37094160051266
"ENSG00000010072",11.1523013140373
"ENSG00000010165",12.0574421276959
"ENSG00000010219",11.7657105022855
"ENSG00000010244",14.7331985610593
"ENSG00000010256",16.2905498391159
"ENSG00000010270",12.7171387101632
"ENSG00000010278",14.6520436819413
"ENSG00000010282",16.1375888161386
"ENSG00000010292",11.8696483678834
"ENSG00000010295",11.509030514833
"ENSG00000010310",11.1220073917237
"ENSG00000010318",9.99821490609178
"ENSG00000010319",12.9288155277066
"ENSG00000010322",13.6290028131316
"ENSG00000010327",14.4946935114844
"ENSG00000010361",10.4883991820608
"ENSG00000010379",7.42156767358263
"ENSG00000010404",14.6110514517735
"ENSG00000010539",10.4883991820608
"ENSG00000010610",11.7005777905353
"ENSG00000010626",10.6242826101426
"ENSG00000010671",9.82097452114771
"ENSG00000010704",10.1856384979114
"ENSG00000010803",13.3781691443613
"ENSG00000010810",12.9950842827131
"ENSG00000010818",12.8007966392101
"ENSG00000010932",8.05543977478473
"ENSG00000011007",13.2906562364788
"ENSG00000011009",11.9665987020301
"ENSG00000011021",12.4958014304234
"ENSG00000011028",11.2674902518997
"ENSG00000011105",14.5730654243431
"ENSG00000011114",12.4749786662985
"ENSG00000011132",10.3383737380562
"ENSG00000011143",10.6025056677474
"ENSG00000011198",12.0930172326012
"ENSG00000011201",10.6457357198089
"ENSG00000011243",12.5134133892142
"ENSG00000011258",12.0773142744075
"ENSG00000011260",11.4794660572908
"ENSG00000011275",12.8431972595075
"ENSG00000011295",13.2404252849292
"ENSG00000011304",13.4757275347508
"ENSG00000011332",5.73351167989737
"ENSG00000011347",13.1607081072446
"ENSG00000011376",12.146669445958
"ENSG00000011405",14.4991200914058
"ENSG00000011422",10.7184047875072
"ENSG00000011426",8.86736742663216
"ENSG00000011451",11.892261605783
"ENSG00000011454",13.962864602964
"ENSG00000011465",17.7823390932613
"ENSG00000011478",8.71333379795974
"ENSG00000011485",13.3813698002296
"ENSG00000011523",13.0763271412586
"ENSG00000011566",13.7012182766905
"ENSG00000011600",11.4614321344606
"ENSG00000011638",12.9676638146963
"ENSG00000012048",10.806760661928
"ENSG00000012061",13.4831949170583
"ENSG00000012124",6.26402639659615
"ENSG00000012171",11.3677176996384
"ENSG00000012174",12.4809587579319
"ENSG00000012211",10.4277728231093
"ENSG00000012223",10.7284936051307
"ENSG00000012232",13.8599293631479
"ENSG00000012660",14.2609886859578
"ENSG00000012779",11.3284582691911
"ENSG00000012817",2.56358667845506
"ENSG00000012822",15.2959661248464
"ENSG00000012963",13.1438452459548
"ENSG00000012983",13.0664184825218
"ENSG00000013016",12.7839650061503
"ENSG00000013275",13.4439354866111
"ENSG00000013288",12.5621771082004
"ENSG00000013297",9.94729097092911
"ENSG00000013306",13.0301730161743
"ENSG00000013364",12.9067723939029
"ENSG00000013374",13.4114270340858
"ENSG00000013375",12.4508072939234
"ENSG00000013392",10.5579401153139
"ENSG00000013441",14.7568040011541
"ENSG00000013503",11.7158715207616
"ENSG00000013523",12.3757639839695
"ENSG00000013561",13.8599293631479
"ENSG00000013563",13.228033963003
"ENSG00000013573",10.9772146074792
"ENSG00000013583",12.8315437628579
"ENSG00000013588",10.3251379108995
"ENSG00000013619",9.82097452114771
"ENSG00000013725",6.95590410123382
"ENSG00000013810",9.83971108372929
"ENSG00000014123",13.5949432747108
"ENSG00000014138",10.5465802531494
"ENSG00000014164",9.87646963373941
"ENSG00000014216",13.2544576877474
"ENSG00000014257",6.95590410123382
"ENSG00000014641",17.6298020319224
"ENSG00000014824",14.750629392795
"ENSG00000014914",10.8536055253877
"ENSG00000014919",13.0096360851716
"ENSG00000015133",10.402790466552
"ENSG00000015153",13.5796985166756
"ENSG00000015171",14.5674559104341
"ENSG00000015285",9.10274548956309
"ENSG00000015475",10.6242826101426
"ENSG00000015479",15.7695326182308
"ENSG00000015520",6.26402639659615
"ENSG00000015532",10.8443574485857
"ENSG00000015568",4.14854917917621
"ENSG00000015676",14.2961781144201
"ENSG00000016391",9.98143919334096
"ENSG00000016402",7.51778298884193
"ENSG00000016864",12.6337076229319
"ENSG00000017260",14.7739536240877
"ENSG00000017373",7.60798079781351
"ENSG00000017427",13.2666250674415
"ENSG00000017483",8.71333379795974
"ENSG00000017621",8.97297761459276
"ENSG00000017797",13.3424851544634
"ENSG00000018189",13.0743508463729
"ENSG00000018236",6.6510495197054
"ENSG00000018280",11.7158715207616
"ENSG00000018408",14.2902305999391
"ENSG00000018510",13.2855402912564
"ENSG00000018610",12.0812560665889
"ENSG00000018625",16.4058387958235
"ENSG00000018699",11.5264826837923
"ENSG00000018869",9.72345801523345
"ENSG00000019102",9.03932010942146
"ENSG00000019144",14.8947835556081
"ENSG00000019169",11.9145258600015
"ENSG00000019485",11.225364776227
"ENSG00000019505",11.57760714877
"ENSG00000019549",11.3612482043088
"ENSG00000019582",15.7176136193816
"ENSG00000019991",10.9516039638002
"ENSG00000019995",13.6960864080836
"ENSG00000020129",12.1085511112443
"ENSG00000020181",12.0168573124657
"ENSG00000020256",9.91231483268614
"ENSG00000020426",11.514871393422
"ENSG00000020577",15.4460386803372
"ENSG00000020633",6.26402639659615
"ENSG00000020922",11.288100531575
"ENSG00000021300",11.21104510491
"ENSG00000021355",12.99089952259
"ENSG00000021461",5.37094160051266
"ENSG00000021488",4.14854917917621
"ENSG00000021574",11.3933094135411
"ENSG00000021645",8.67211113523323
"ENSG00000021762",11.1143334638383
"ENSG00000021776",12.9156301042505
"ENSG00000021826",9.98143919334096
"ENSG00000022267",18.4784155766438
"ENSG00000022277",13.803781732435
"ENSG00000022556",4.88551477334242
"ENSG00000022567",10.806760661928
"ENSG00000022840",15.2895919095837
"ENSG00000022976",11.3284582691911
"ENSG00000023041",12.8431972595075
"ENSG00000023171",11.7948078591662
"ENSG00000023191",13.280406139785
"ENSG00000023228",16.6544434161368
"ENSG00000023287",14.4580255330173
"ENSG00000023318",13.3861575094052
"ENSG00000023330",14.1915764627708
"ENSG00000023445",10.5119539100397
"ENSG00000023516",13.7990026140576
"ENSG00000023572",11.6430714622819
"ENSG00000023608",10.1560437157231
"ENSG00000023697",12.4629436013782
"ENSG00000023734",14.6069557924127
"ENSG00000023839",6.95590410123382
"ENSG00000023892",8.49432401601794
"ENSG00000023902",14.232914682851
"ENSG00000023909",12.4689736834732
"ENSG00000024048",13.8950635003147
"ENSG00000024422",13.9391691909456
"ENSG00000024526",6.47047727406358
"ENSG00000024862",11.5720153005256
"ENSG00000025039",14.4708529269861
"ENSG00000025156",13.4757275347508
"ENSG00000025293",12.5336925690672
"ENSG00000025423",6.02301829709235
"ENSG00000025434",11.1523013140373
"ENSG00000025708",11.0514267122781
"ENSG00000025770",11.7803325366504
"ENSG00000025772",11.7706009986326
"ENSG00000025796",13.9735079197047
"ENSG00000025800",14.091552319589
"ENSG00000026025",16.4765695473792
"ENSG00000026036",7.31847418061853
"ENSG00000026103",10.8627946968423
"ENSG00000026297",10.4153357198711
"ENSG00000026508",13.0684056660879
"ENSG00000026559",5.37094160051266
"ENSG00000026652",10.476476014685
"ENSG00000026751",5.73351167989737
"ENSG00000026950",11.4370307909704
"ENSG00000027001",12.1983977286268
"ENSG00000027075",12.6283294432053
"ENSG00000027644",5.37094160051266
"ENSG00000027697",14.8376735840895
"ENSG00000027847",11.0832229312983
"ENSG00000027869",7.98985143315716
"ENSG00000028116",11.9665987020301
"ENSG00000028137",12.7742580222407
"ENSG00000028203",13.8564834338642
"ENSG00000028277",8.23601202042655
"ENSG00000028310",12.5221393938861
"ENSG00000028528",14.5390764354008
"ENSG00000028839",11.218222706983
"ENSG00000029153",9.19294329853467
"ENSG00000029363",14.8034835009009
"ENSG00000029364",12.9000932382653
"ENSG00000029534",14.1860961331384
"ENSG00000029639",11.0514267122781
"ENSG00000029725",14.437415253342
"ENSG00000029993",9.98143919334096
"ENSG00000030066",13.028132428789
"ENSG00000030110",12.1653574668628
"ENSG00000030304",9.85820742734668
"ENSG00000030419",10.9078825863709
"ENSG00000030582",14.0060118717867
"ENSG00000031003",14.1943088405589
"ENSG00000031081",13.8770366194181
"ENSG00000031691",11.0674124164508
"ENSG00000031698",14.3420745396774
"ENSG00000031823",12.6390658279431
"ENSG00000032219",12.7815443763192
"ENSG00000032389",11.1746114757624
"ENSG00000032444",11.7948078591662
"ENSG00000032742",11.4614321344606
"ENSG00000033011",11.0189138987596
"ENSG00000033030",12.1353393219586
"ENSG00000033050",13.6236070329629
"ENSG00000033100",12.0891074875501
"ENSG00000033122",2.56358667845506
"ENSG00000033170",11.4246735844505
"ENSG00000033178",12.5279275462475
"ENSG00000033327",12.7669346814348
"ENSG00000033627",13.0822398341284
"ENSG00000033800",12.7196697547437
"ENSG00000033867",13.0054933829973
"ENSG00000034053",6.81151419189864
"ENSG00000034063",4.14854917917621
"ENSG00000034152",12.8776033823564
"ENSG00000034239",5.73351167989737
"ENSG00000034510",15.5577633036168
"ENSG00000034533",10.2982962986809
"ENSG00000034677",14.3420745396774
"ENSG00000034693",12.1315427538705
"ENSG00000034713",14.8289087026899
"ENSG00000034971",10.6350490410117
"ENSG00000035115",11.9101004116207
"ENSG00000035141",11.9919468511593
"ENSG00000035403",17.1871824353585
"ENSG00000035499",6.26402639659615
"ENSG00000035664",12.7447389353206
"ENSG00000035681",12.8197953669824
"ENSG00000035687",12.0413449448989
"ENSG00000035720",4.14854917917621
"ENSG00000035862",14.7444282440217
"ENSG00000035928",12.7887941153986
"ENSG00000036054",13.2439462019688
"ENSG00000036257",13.8894542590305
"ENSG00000036448",16.9004418753325
"ENSG00000036530",9.64040227550589
"ENSG00000036549",12.4354919161142
"ENSG00000036672",14.0194275875815
"ENSG00000037042",11.7459810318596
"ENSG00000037241",11.6851201957951
"ENSG00000037280",11.2949057094801
"ENSG00000037474",13.541582047068
"ENSG00000037637",12.6120735524474
"ENSG00000037749",13.5515612027512
"ENSG00000037757",11.2465812621367
"ENSG00000037897",10.2982962986809
"ENSG00000038002",10.7484620213633
"ENSG00000038210",11.6694951870262
"ENSG00000038219",13.8239181970127
"ENSG00000038274",13.6450701165487
"ENSG00000038295",8.83037321914996
"ENSG00000038358",12.0851871181788
"ENSG00000038382",13.88269425428
"ENSG00000038427",13.2368957540168
"ENSG00000038532",12.2863942096246
"ENSG00000038945",12.4075077297441
"ENSG00000039123",13.9304552646222
"ENSG00000039139",4.88551477334242
"ENSG00000039319",14.1842647205905
"ENSG00000039523",13.5286494351997
"ENSG00000039537",13.8132927354248
"ENSG00000039560",12.0413449448989
"ENSG00000039600",4.14854917917621
"ENSG00000039650",11.4553703816734
"ENSG00000040199",11.4553703816734
"ENSG00000040275",10.0949681389714
"ENSG00000040341",13.7101553541958
"ENSG00000040487",10.3251379108995
"ENSG00000040531",11.0106699046647
"ENSG00000040608",5.37094160051266
"ENSG00000040633",11.6589837012476
"ENSG00000040933",12.8055698281494
"ENSG00000041353",4.88551477334242
"ENSG00000041357",14.0286428462862
"ENSG00000041515",10.2846858671622
"ENSG00000041802",12.7815443763192
"ENSG00000041880",11.1372338659484
"ENSG00000041982",12.2092451108638
"ENSG00000041988",10.1709169922047
"ENSG00000042062",12.8385471505957
"ENSG00000042088",9.74349576846999
"ENSG00000042286",12.3367258851747
"ENSG00000042317",10.6563438193749
"ENSG00000042429",12.1239195126675
"ENSG00000042445",13.8203850645344
"ENSG00000042493",9.19294329853467
"ENSG00000042753",12.4839395338701
"ENSG00000042781",8.49432401601794
"ENSG00000042832",6.26402639659615
"ENSG00000042980",10.2430667779605
"ENSG00000043093",12.8127001311688
"ENSG00000043143",11.9961285788433
"ENSG00000043462",11.594253814702
"ENSG00000043514",12.3433060335985
"ENSG00000043591",10.8256815238252
"ENSG00000044090",11.5437262560942
"ENSG00000044115",16.3564786246879
"ENSG00000044446",13.4787191274057
"ENSG00000044459",11.3612482043088
"ENSG00000044524",11.6377281412076
"ENSG00000044574",16.7105530428278
"ENSG00000046604",14.1022606315377
"ENSG00000046647",11.2949057094801
"ENSG00000046651",12.1391259252896
"ENSG00000046653",11.288100531575
"ENSG00000046889",13.0117029838645
"ENSG00000047056",12.9612613114033
"ENSG00000047188",13.5976978245517
"ENSG00000047230",11.514871393422
"ENSG00000047249",12.8730630322962
"ENSG00000047315",14.4420208280143
"ENSG00000047346",13.3877498881992
"ENSG00000047365",9.85820742734668
"ENSG00000047410",14.691258645494
"ENSG00000047457",10.9856514446279
"ENSG00000047578",11.5322534716503
"ENSG00000047579",11.7005777905353
"ENSG00000047597",11.196581875598
"ENSG00000047617",11.3933094135411
"ENSG00000047621",12.2622913452254
"ENSG00000047634",12.956977135899
"ENSG00000047644",13.9117615459906
"ENSG00000047648",11.4794660572908
"ENSG00000047849",16.9036453894834
"ENSG00000047932",13.9935164198083
"ENSG00000048028",15.3779688674066
"ENSG00000048052",12.3498563061035
"ENSG00000048140",12.5075665927988
"ENSG00000048162",12.0291530832645
"ENSG00000048342",11.2535846498745
"ENSG00000048392",13.7341377137718
"ENSG00000048405",11.7509387516556
"ENSG00000048471",11.9580493730654
"ENSG00000048540",10.9940392301206
"ENSG00000048544",13.6490591376363
"ENSG00000048649",13.4192338444823
"ENSG00000048707",15.3220181193553
"ENSG00000048740",14.7678521345919
"ENSG00000048828",14.8504331811909
"ENSG00000048991",11.6536990981193
"ENSG00000049089",7.08714863451207
"ENSG00000049130",12.6202243935683
"ENSG00000049167",10.806760661928
"ENSG00000049192",10.2982962986809
"ENSG00000049239",13.6922254913077
"ENSG00000049245",14.2756837295426
"ENSG00000049246",11.9750976664671
"ENSG00000049283",9.55227136522722
"ENSG00000049323",15.3614508157888
"ENSG00000049449",13.5430118737865
"ENSG00000049540",14.9550988011622
"ENSG00000049541",10.9940392301206
"ENSG00000049618",13.2244739487576
"ENSG00000049656",13.1056512207385
"ENSG00000049759",13.0802716277647
"ENSG00000049769",12.0930172326012
"ENSG00000049860",14.0787937088638
"ENSG00000049883",11.4246735844505
"ENSG00000050030",6.81151419189864
"ENSG00000050130",13.0723718405196
"ENSG00000050165",16.8124778418012
"ENSG00000050327",8.4462297278169
"ENSG00000050344",9.76325902329142
"ENSG00000050393",12.3433060335985
"ENSG00000050405",13.4316375322002
"ENSG00000050426",12.5983856410323
"ENSG00000050438",7.20744286822978
"ENSG00000050555",7.31847418061853
"ENSG00000050628",9.74349576846999
"ENSG00000050748",13.6004471251281
"ENSG00000050767",12.1911205629278
"ENSG00000050820",11.9793284467451
"ENSG00000051009",12.2020225924455
"ENSG00000051108",13.9359076333223
"ENSG00000051128",9.74349576846999
"ENSG00000051180",6.6510495197054
"ENSG00000051341",7.42156767358263
"ENSG00000051382",13.3092610024572
"ENSG00000051523",10.2430667779605
"ENSG00000051596",10.0474024557193
"ENSG00000051620",13.9861771123476
"ENSG00000051825",12.1690661965167
"ENSG00000052126",14.2051868942894
"ENSG00000052723",12.7297497611012
"ENSG00000052749",12.0574421276959
"ENSG00000052795",14.7678521345919
"ENSG00000052802",11.6107105905691
"ENSG00000052841",13.5199628357047
"ENSG00000052850",2.56358667845506
"ENSG00000053108",5.73351167989737
"ENSG00000053254",15.0319561655646
"ENSG00000053328",8.23601202042655
"ENSG00000053371",12.1429026160351
"ENSG00000053372",12.0891074875501
"ENSG00000053438",5.37094160051266
"ENSG00000053501",11.3933094135411
"ENSG00000053524",6.02301829709235
"ENSG00000053702",9.92990889270087
"ENSG00000053747",11.2535846498745
"ENSG00000053770",13.2940568156393
"ENSG00000053900",12.570613945349
"ENSG00000053918",12.3433060335985
"ENSG00000054116",12.9803842060611
"ENSG00000054118",14.570263393764
"ENSG00000054148",13.8391292345418
"ENSG00000054179",8.83037321914996
"ENSG00000054219",8.67211113523323
"ENSG00000054267",12.7272363544709
"ENSG00000054277",10.2709458105359
"ENSG00000054282",11.57760714877
"ENSG00000054392",10.0792865167391
"ENSG00000054523",15.3414583982882
"ENSG00000054598",10.9167335039531
"ENSG00000054611",11.21104510491
"ENSG00000054654",15.698814986045
"ENSG00000054690",11.5607661593927
"ENSG00000054793",13.5228641841756
"ENSG00000054938",9.59700967999251
"ENSG00000054965",13.5515612027512
"ENSG00000054967",9.59700967999251
"ENSG00000054983",13.1883821343153
"ENSG00000055044",13.2404252849292
"ENSG00000055070",14.3705390066658
"ENSG00000055118",13.2974493981336
"ENSG00000055130",13.8495667843833
"ENSG00000055147",12.9505269237794
"ENSG00000055163",12.8150690890753
"ENSG00000055208",13.7601888049782
"ENSG00000055211",13.8883297889495
"ENSG00000055332",12.94621070503
"ENSG00000055483",12.8707874875959
"ENSG00000055609",14.1915764627708
"ENSG00000055732",8.54086660195497
"ENSG00000055813",9.35800254480516
"ENSG00000055917",14.4458476075549
"ENSG00000055950",12.0969164107609
"ENSG00000055955",6.81151419189864
"ENSG00000056050",11.7899988712438
"ENSG00000056097",14.6789555162753
"ENSG00000056277",9.91231483268614
"ENSG00000056487",6.47047727406358
"ENSG00000056558",11.8091393847107
"ENSG00000056586",13.8001988786708
"ENSG00000056661",11.9793284467451
"ENSG00000056736",8.3964766926198
"ENSG00000056972",11.0674124164508
"ENSG00000056998",10.1104811383427
"ENSG00000057019",14.0935052065754
"ENSG00000057252",12.0332284956946
"ENSG00000057294",16.606186560168
"ENSG00000057468",6.95590410123382
"ENSG00000057593",5.37094160051266
"ENSG00000057608",14.6103696488114
"ENSG00000057657",9.16349952064219
"ENSG00000057663",12.5901101209748
"ENSG00000057704",12.1616391786167
"ENSG00000057757",12.6470660057869
"ENSG00000057935",11.9189377748799
"ENSG00000058056",15.3455610458444
"ENSG00000058063",13.8227414473219
"ENSG00000058085",10.3773678696721
"ENSG00000058091",12.7595739764836
"ENSG00000058262",14.5246745684524
"ENSG00000058272",13.9478308006981
"ENSG00000058404",13.8541815665376
"ENSG00000058453",10.5692112276489
"ENSG00000058600",12.7297497611012
"ENSG00000058668",16.1273787855792
"ENSG00000058673",14.6137754460515
"ENSG00000058729",12.0044558460659
"ENSG00000058799",11.9537556346552
"ENSG00000058804",11.9233362387774
"ENSG00000058866",12.7815443763192
"ENSG00000059122",12.5480051372562
"ENSG00000059145",11.0514267122781
"ENSG00000059377",11.0023785310333
"ENSG00000059378",11.6799306396925
"ENSG00000059573",11.9320931399627
"ENSG00000059588",12.6229311392795
"ENSG00000059691",13.5053679207336
"ENSG00000059728",11.2465812621367
"ENSG00000059758",13.1476096187126
"ENSG00000059769",11.1220073917237
"ENSG00000059804",13.3988475970825
"ENSG00000059915",7.08714863451207
"ENSG00000060069",10.3117795280445
"ENSG00000060138",16.5493396892069
"ENSG00000060237",16.0185285120762
"ENSG00000060339",13.2940568156393
"ENSG00000060491",11.0832229312983
"ENSG00000060558",9.10274548956309
"ENSG00000060642",10.1709169922047
"ENSG00000060656",11.9919468511593
"ENSG00000060688",11.6430714622819
"ENSG00000060749",12.6890001489384
"ENSG00000060762",15.5106756534804
"ENSG00000060971",14.1224856596018
"ENSG00000060982",12.2306982205301
"ENSG00000061273",13.66621856731
"ENSG00000061337",10.2846858671622
"ENSG00000061455",7.31847418061853
"ENSG00000061656",8.93862610980198
"ENSG00000061676",15.8447922790629
"ENSG00000061794",13.8168432582362
"ENSG00000061918",13.0743508463729
"ENSG00000061936",12.7347634761068
"ENSG00000061938",11.5607661593927
"ENSG00000061987",13.5949432747108
"ENSG00000062194",14.0768207922611
"ENSG00000062282",12.3821688559359
"ENSG00000062370",10.5119539100397
"ENSG00000062485",16.3880482636525
"ENSG00000062524",7.98985143315716
"ENSG00000062582",6.26402639659615
"ENSG00000062598",12.7571120389563
"ENSG00000062650",13.1920322185922
"ENSG00000062716",14.8925420402364
"ENSG00000062725",12.4416375911836
"ENSG00000062822",9.33177100323199
"ENSG00000063046",16.0192991825223
"ENSG00000063127",8.71333379795974
"ENSG00000063169",10.0792865167391
"ENSG00000063176",9.5061011837943
"ENSG00000063177",14.9901135269068
"ENSG00000063180",11.0352618928471
"ENSG00000063241",11.8280292786817
"ENSG00000063244",13.4667153552674
"ENSG00000063245",12.8911393225363
"ENSG00000063322",12.5593538293329
"ENSG00000063438",6.47047727406358
"ENSG00000063587",11.7459810318596
"ENSG00000063601",12.3757639839695
"ENSG00000063660",13.7403831566027
"ENSG00000063761",10.9255304521903
"ENSG00000063854",13.7341377137718
"ENSG00000063978",12.8911393225363
"ENSG00000064012",10.402790466552
"ENSG00000064042",15.4922900976484
"ENSG00000064102",11.8877672250738
"ENSG00000064115",12.6915809994315
"ENSG00000064199",9.5061011837943
"ENSG00000064201",9.55227136522722
"ENSG00000064205",10.3117795280445
"ENSG00000064225",14.6691678597325
"ENSG00000064300",11.9750976664671
"ENSG00000064309",11.6851201957951
"ENSG00000064313",12.3433060335985
"ENSG00000064393",15.5117713712857
"ENSG00000064419",12.8315437628579
"ENSG00000064490",11.4492830517945
"ENSG00000064545",10.6242826101426
"ENSG00000064547",6.81151419189864
"ENSG00000064601",14.0718766645954
"ENSG00000064607",14.2123936281808
"ENSG00000064651",13.0584422629463
"ENSG00000064652",11.5322534716503
"ENSG00000064655",8.23601202042655
"ENSG00000064666",12.4629436013782
"ENSG00000064687",9.82097452114771
"ENSG00000064692",8.34494639197972
"ENSG00000064703",11.4184550617153
"ENSG00000064726",15.5125013877672
"ENSG00000064763",10.4401036250201
"ENSG00000064886",10.214638369634
"ENSG00000064932",11.1220073917237
"ENSG00000064933",11.6954436390638
"ENSG00000064961",11.8512990580045
"ENSG00000064989",14.037799615649
"ENSG00000064995",12.7984041095724
"ENSG00000064999",13.2137408921302
"ENSG00000065000",13.7577279173182
"ENSG00000065029",12.9526802003595
"ENSG00000065054",13.9271739249796
"ENSG00000065057",9.55227136522722
"ENSG00000065060",13.5199628357047
"ENSG00000065135",12.7984041095724
"ENSG00000065150",14.9009298257291
"ENSG00000065154",13.6127545508272
"ENSG00000065183",12.3853606604256
"ENSG00000065243",13.6263074456201
"ENSG00000065268",11.0189138987596
"ENSG00000065308",13.2333575669806
"ENSG00000065320",11.0832229312983
"ENSG00000065325",8.54086660195497
"ENSG00000065328",5.73351167989737
"ENSG00000065357",11.4734797622251
"ENSG00000065361",10.1856384979114
"ENSG00000065371",4.88551477334242
"ENSG00000065413",10.7583435328773
"ENSG00000065427",14.4670919888789
"ENSG00000065457",11.7410062164443
"ENSG00000065485",10.6563438193749
"ENSG00000065491",11.8650828734376
"ENSG00000065518",15.1020181414051
"ENSG00000065526",13.5170556406839
"ENSG00000065534",13.3717464513234
"ENSG00000065548",13.472729725795
"ENSG00000065559",13.2101453886096
"ENSG00000065600",9.52937096311715
"ENSG00000065609",6.81151419189864
"ENSG00000065613",14.8682232022623
"ENSG00000065615",12.5422971375614
"ENSG00000065621",7.20744286822978
"ENSG00000065665",11.5997602910085
"ENSG00000065675",5.73351167989737
"ENSG00000065717",12.7044164492281
"ENSG00000065802",13.3717464513234
"ENSG00000065809",11.3016789380755
"ENSG00000065833",12.6038763994808
"ENSG00000065882",14.479092640687
"ENSG00000065883",12.7546458929867
"ENSG00000065911",12.9782719142623
"ENSG00000065923",9.64040227550589
"ENSG00000065970",12.3980577284393
"ENSG00000065978",16.8640107425149
"ENSG00000065989",11.9145258600015
"ENSG00000066027",14.7666287340175
"ENSG00000066032",4.14854917917621
"ENSG00000066044",13.2065409019354
"ENSG00000066056",13.280406139785
"ENSG00000066084",13.2562021801496
"ENSG00000066117",12.459919082365
"ENSG00000066135",12.216431651457
"ENSG00000066136",13.0443768795509
"ENSG00000066185",8.54086660195497
"ENSG00000066248",4.14854917917621
"ENSG00000066279",8.17829652257027
"ENSG00000066294",11.4122096188844
"ENSG00000066322",12.9112080470232
"ENSG00000066336",9.99821490609178
"ENSG00000066379",11.2949057094801
"ENSG00000066382",10.7082449212869
"ENSG00000066422",11.9750976664671
"ENSG00000066427",12.1162557759693
"ENSG00000066455",12.8055698281494
"ENSG00000066468",7.31847418061853
"ENSG00000066557",12.2553301976263
"ENSG00000066583",14.0448815830862
"ENSG00000066629",12.7069698924449
"ENSG00000066651",11.8967420287657
"ENSG00000066654",12.9803842060611
"ENSG00000066697",11.57760714877
"ENSG00000066735",10.2570736359544
"ENSG00000066739",13.5126838341843
"ENSG00000066777",13.5572327384717
"ENSG00000066827",10.2982962986809
"ENSG00000066855",11.8091393847107
"ENSG00000066923",7.60798079781351
"ENSG00000066926",12.8431972595075
"ENSG00000066933",13.2940568156393
"ENSG00000067048",2.56358667845506
"ENSG00000067057",14.6893230078501
"ENSG00000067064",13.4207901499632
"ENSG00000067066",13.944588788006
"ENSG00000067082",14.790299903074
"ENSG00000067113",14.1970360531685
"ENSG00000067141",12.0086015243235
"ENSG00000067167",14.706012880774
"ENSG00000067177",12.4043646020501
"ENSG00000067182",13.3765661497065
"ENSG00000067191",9.55227136522722
"ENSG00000067208",12.4324092332301
"ENSG00000067221",11.2038316146774
"ENSG00000067225",17.1798483330142
"ENSG00000067248",13.1625696494911
"ENSG00000067334",13.4424039630693
"ENSG00000067365",11.8373822776693
"ENSG00000067369",13.0199410935633
"ENSG00000067445",10.6773288445042
"ENSG00000067533",12.4416375911836
"ENSG00000067560",15.9621967813343
"ENSG00000067596",12.850144440063
"ENSG00000067601",8.23601202042655
"ENSG00000067606",11.0988620550759
"ENSG00000067704",14.3745598984572
"ENSG00000067715",7.92113868307314
"ENSG00000067798",10.214638369634
"ENSG00000067829",13.2838309367426
"ENSG00000067836",13.4347218626981
"ENSG00000067840",10.6877079902842
"ENSG00000067900",14.2391027225378
"ENSG00000067955",12.8685083480367
"ENSG00000067992",10.6877079902842
"ENSG00000068001",14.1658215797961
"ENSG00000068024",11.7754749730011
"ENSG00000068028",12.3725508533743
"ENSG00000068078",9.83971108372929
"ENSG00000068079",10.9342740852623
"ENSG00000068097",11.3284582691911
"ENSG00000068120",12.1911205629278
"ENSG00000068137",9.64040227550589
"ENSG00000068305",16.1921461350549
"ENSG00000068308",12.0654238633574
"ENSG00000068323",13.0117029838645
"ENSG00000068354",12.2271447826723
"ENSG00000068366",14.4063298591867
"ENSG00000068383",13.5755127447619
"ENSG00000068394",11.9101004116207
"ENSG00000068400",12.9888025817544
"ENSG00000068438",11.725978007212
"ENSG00000068489",8.75341123733508
"ENSG00000068615",12.316803427634
"ENSG00000068650",14.5828298950587
"ENSG00000068654",12.9719164192224
"ENSG00000068697",15.7661696912049
"ENSG00000068724",11.6269817597436
"ENSG00000068745",12.8268558788277
"ENSG00000068784",11.2395437113968
"ENSG00000068793",13.4408708119783
"ENSG00000068796",11.4308654181647
"ENSG00000068831",12.1983977286268
"ENSG00000068878",14.4450830632652
"ENSG00000068885",11.6902911512982
"ENSG00000068903",13.6870614766992
"ENSG00000068912",13.6714575927347
"ENSG00000068971",12.5762112173201
"ENSG00000068976",13.0978895609097
"ENSG00000069020",13.9703231611468
"ENSG00000069122",15.8163999204481
"ENSG00000069188",8.4462297278169
"ENSG00000069248",13.5894183467871
"ENSG00000069275",15.9926010456298
"ENSG00000069329",14.6110514517735
"ENSG00000069345",14.2141897006704
"ENSG00000069399",11.3350761479557
"ENSG00000069424",12.4659617929411
"ENSG00000069431",15.119853222038
"ENSG00000069493",9.43395139803846
"ENSG00000069509",12.3301155870539
"ENSG00000069535",14.7104735138709
"ENSG00000069667",12.9505269237794
"ENSG00000069696",4.88551477334242
"ENSG00000069702",13.945670268597
"ENSG00000069712",10.5579401153139
"ENSG00000069849",14.3527127248803
"ENSG00000069869",12.5279275462475
"ENSG00000069943",10.4401036250201
"ENSG00000069956",12.7044164492281
"ENSG00000069966",12.1391259252896
"ENSG00000069974",11.7657105022855
"ENSG00000069998",13.0783007325935
"ENSG00000070010",12.8385471505957
"ENSG00000070018",13.0978895609097
"ENSG00000070047",11.4553703816734
"ENSG00000070061",13.9798564229783
"ENSG00000070081",13.5501398282117
"ENSG00000070087",13.4500453741588
"ENSG00000070159",14.7034577416675
"ENSG00000070182",13.9521421824376
"ENSG00000070190",7.51778298884193
"ENSG00000070193",8.71333379795974
"ENSG00000070214",13.6236070329629
"ENSG00000070269",11.5494286154584
"ENSG00000070366",12.3885454189836
"ENSG00000070367",13.6922254913077
"ENSG00000070371",12.0168573124657
"ENSG00000070404",14.6117329326746
"ENSG00000070413",13.2029273871073
"ENSG00000070423",10.1856384979114
"ENSG00000070444",10.9342740852623
"ENSG00000070476",12.3234748616769
"ENSG00000070495",13.3636776660801
"ENSG00000070501",12.5163279256415
"ENSG00000070526",10.402790466552
"ENSG00000070540",14.5137780284278
"ENSG00000070601",6.47047727406358
"ENSG00000070610",14.7727353888108
"ENSG00000070614",13.7857778169114
"ENSG00000070669",11.57760714877
"ENSG00000070718",12.1764551757461
"ENSG00000070731",9.3050536648562
"ENSG00000070756",15.1241583496916
"ENSG00000070759",9.40907672939943
"ENSG00000070761",12.0534346388944
"ENSG00000070770",12.9397120677312
"ENSG00000070778",13.4347218626981
"ENSG00000070785",13.0322107213731
"ENSG00000070808",11.2038316146774
"ENSG00000070814",12.4508072939234
"ENSG00000070831",15.3027343884415
"ENSG00000070882",11.288100531575
"ENSG00000070950",9.72345801523345
"ENSG00000070961",12.7196697547437
"ENSG00000071051",12.0851871181788
"ENSG00000071054",14.587687458708
"ENSG00000071073",12.6497229034824
"ENSG00000071082",16.0169859350344
"ENSG00000071127",15.4135781216344
"ENSG00000071189",14.0895967855168
"ENSG00000071205",13.3669105974965
"ENSG00000071242",14.8556206639546
"ENSG00000071243",12.2128428559724
"ENSG00000071246",12.8174341634425
"ENSG00000071282",13.527205295899
"ENSG00000071462",13.1419593698159
"ENSG00000071537",14.730691160835
"ENSG00000071539",7.31847418061853
"ENSG00000071553",14.342895652415
"ENSG00000071564",10.7972063552148
"ENSG00000071575",13.6168338043675
"ENSG00000071626",13.2752536520194
"ENSG00000071655",11.3016789380755
"ENSG00000071794",13.0881283934909
"ENSG00000071859",13.1362869049423
"ENSG00000071889",12.2377789466007
"ENSG00000071894",12.7472220599283
"ENSG00000071967",15.1236806360976
"ENSG00000071991",14.671130710431
"ENSG00000071994",12.9310014297019
"ENSG00000072042",12.7196697547437
"ENSG00000072062",14.9583173078866
"ENSG00000072071",11.4854276155295
"ENSG00000072110",14.6944789482617
"ENSG00000072121",12.5621771082004
"ENSG00000072133",7.42156767358263
"ENSG00000072134",13.4316375322002
"ENSG00000072135",12.9045494427068
"ENSG00000072163",14.5597070414881
"ENSG00000072195",14.1621044890677
"ENSG00000072201",11.6052458300923
"ENSG00000072210",14.0327196982846
"ENSG00000072274",13.997693607065
"ENSG00000072310",11.1066184987103
"ENSG00000072364",14.9806480252153
"ENSG00000072401",13.5141425755026
"ENSG00000072415",12.4231214648377
"ENSG00000072422",12.2829754993971
"ENSG00000072501",14.2731013391618
"ENSG00000072506",13.1920322185922
"ENSG00000072518",12.1874681684685
"ENSG00000072571",7.98985143315716
"ENSG00000072609",11.8091393847107
"ENSG00000072657",7.31847418061853
"ENSG00000072682",13.1419593698159
"ENSG00000072694",10.6773288445042
"ENSG00000072736",12.2200115417328
"ENSG00000072756",11.7803325366504
"ENSG00000072778",17.3279918053058
"ENSG00000072786",12.0851871181788
"ENSG00000072803",14.4188445056483
"ENSG00000072818",8.58595449148351
"ENSG00000072832",9.76325902329142
"ENSG00000072840",11.225364776227
"ENSG00000072849",12.3596262872848
"ENSG00000072858",9.13344228678601
"ENSG00000072864",11.0023785310333
"ENSG00000072952",12.6229311392795
"ENSG00000072954",12.120092733127
"ENSG00000072958",12.4137735161008
"ENSG00000073008",13.2083442709713
"ENSG00000073009",8.86736742663216
"ENSG00000073050",11.0352618928471
"ENSG00000073060",11.6694951870262
"ENSG00000073111",9.89450355656967
"ENSG00000073146",6.95590410123382
"ENSG00000073169",10.8162521109053
"ENSG00000073282",5.37094160051266
"ENSG00000073331",11.2605542046893
"ENSG00000073350",9.70313803085385
"ENSG00000073417",13.1438452459548
"ENSG00000073464",13.0443768795509
"ENSG00000073536",10.1104811383427
"ENSG00000073578",16.3570883859146
"ENSG00000073584",13.4994883607226
"ENSG00000073605",10.8536055253877
"ENSG00000073614",13.1056512207385
"ENSG00000073670",11.0832229312983
"ENSG00000073711",14.3396083937079
"ENSG00000073712",15.1217681983151
"ENSG00000073737",8.23601202042655
"ENSG00000073754",6.81151419189864
"ENSG00000073756",8.93862610980198
"ENSG00000073792",11.8186152482738
"ENSG00000073803",11.9101004116207
"ENSG00000073849",13.7857778169114
"ENSG00000073861",4.88551477334242
"ENSG00000073905",7.98985143315716
"ENSG00000073910",14.7678521345919
"ENSG00000073921",15.6054169175566
"ENSG00000073969",12.4447006391302
"ENSG00000074047",7.42156767358263
"ENSG00000074054",14.3288727771787
"ENSG00000074071",11.9407972088436
"ENSG00000074181",13.3620584795567
"ENSG00000074201",13.4921050537129
"ENSG00000074211",9.00653017430379
"ENSG00000074219",13.1865536232456
"ENSG00000074266",11.3284582691911
"ENSG00000074319",14.0438719993914
"ENSG00000074356",12.87533499346
"ENSG00000074370",11.4854276155295
"ENSG00000074410",6.95590410123382
"ENSG00000074416",15.1464343070053
"ENSG00000074527",13.9271739249796
"ENSG00000074582",12.4012146116265
"ENSG00000074590",14.1860961331384
"ENSG00000074603",13.7228273288667
"ENSG00000074621",9.96446611473724
"ENSG00000074657",14.2592499752431
"ENSG00000074660",11.218222706983
"ENSG00000074695",14.890297036802
"ENSG00000074696",12.3334245220845
"ENSG00000074706",5.73351167989737
"ENSG00000074755",13.6766776618974
"ENSG00000074800",15.5975258191814
"ENSG00000074842",12.0086015243235
"ENSG00000074855",10.5692112276489
"ENSG00000074935",13.3733548071655
"ENSG00000074964",12.9397120677312
"ENSG00000074966",6.81151419189864
"ENSG00000075035",6.6510495197054
"ENSG00000075073",5.73351167989737
"ENSG00000075089",12.5279275462475
"ENSG00000075131",8.90343668133968
"ENSG00000075142",13.872494482519
"ENSG00000075151",14.037799615649
"ENSG00000075188",11.3151307375442
"ENSG00000075213",7.31847418061853
"ENSG00000075218",6.47047727406358
"ENSG00000075223",14.2033795717344
"ENSG00000075234",12.1315427538705
"ENSG00000075239",15.9831519039692
"ENSG00000075240",12.5817868572683
"ENSG00000075275",11.9320931399627
"ENSG00000075292",14.8312512159562
"ENSG00000075303",12.2128428559724
"ENSG00000075336",13.9006510171398
"ENSG00000075340",10.5579401153139
"ENSG00000075391",14.6286661674549
"ENSG00000075399",11.1220073917237
"ENSG00000075407",12.7044164492281
"ENSG00000075413",14.4625658830776
"ENSG00000075415",17.1414285226802
"ENSG00000075420",14.1704545158292
"ENSG00000075426",15.3602347198689
"ENSG00000075539",14.1704545158292
"ENSG00000075568",13.5796985166756
"ENSG00000075618",10.5351302324058
"ENSG00000075624",17.0962469890523
"ENSG00000075643",7.92113868307314
"ENSG00000075651",13.3025233601312
"ENSG00000075702",10.6134352279056
"ENSG00000075711",13.8426168149047
"ENSG00000075785",15.6939963608543
"ENSG00000075790",14.722511882262
"ENSG00000075826",12.4659617929411
"ENSG00000075856",12.683824555797
"ENSG00000075884",10.1104811383427
"ENSG00000075886",13.5755127447619
"ENSG00000075914",11.9101004116207
"ENSG00000075945",14.0049747078017
"ENSG00000075975",12.9950842827131
"ENSG00000076003",11.3350761479557
"ENSG00000076043",13.9724471144798
"ENSG00000076053",12.2128428559724
"ENSG00000076067",12.822152712345
"ENSG00000076108",13.8793023364773
"ENSG00000076201",11.8186152482738
"ENSG00000076242",13.4591619608357
"ENSG00000076248",12.1616391786167
"ENSG00000076258",10.806760661928
"ENSG00000076321",12.6812297798441
"ENSG00000076344",11.6642490174603
"ENSG00000076351",11.3016789380755
"ENSG00000076356",13.7063319552066
"ENSG00000076382",8.34494639197972
"ENSG00000076513",13.1588441599041
"ENSG00000076554",12.5192365859834
"ENSG00000076555",15.1327302550001
"ENSG00000076604",10.0311922285381
"ENSG00000076641",13.2474585470777
"ENSG00000076650",10.7184047875072
"ENSG00000076662",10.3383737380562
"ENSG00000076685",14.1952184843727
"ENSG00000076706",15.1972630883474
"ENSG00000076716",10.6457357198089
"ENSG00000076770",10.806760661928
"ENSG00000076826",4.88551477334242
"ENSG00000076864",9.87646963373941
"ENSG00000076924",11.6694951870262
"ENSG00000076928",12.6038763994808
"ENSG00000076944",7.51778298884193
"ENSG00000076984",11.6694951870262
"ENSG00000077009",16.5773455144865
"ENSG00000077044",14.0070482906825
"ENSG00000077063",9.91231483268614
"ENSG00000077092",12.2726704910054
"ENSG00000077097",14.6110514517735
"ENSG00000077147",15.0476543008873
"ENSG00000077150",11.2038316146774
"ENSG00000077152",10.6134352279056
"ENSG00000077157",17.7889071040066
"ENSG00000077232",14.3608428959648
"ENSG00000077235",13.9249822116209
"ENSG00000077238",12.7347634761068
"ENSG00000077254",13.5329731997973
"ENSG00000077264",7.60798079781351
"ENSG00000077274",5.37094160051266
"ENSG00000077312",11.4854276155295
"ENSG00000077348",9.99821490609178
"ENSG00000077380",14.4133827007007
"ENSG00000077420",9.64040227550589
"ENSG00000077454",11.9919468511593
"ENSG00000077458",11.6323649564405
"ENSG00000077463",10.2846858671622
"ENSG00000077514",10.9167335039531
"ENSG00000077522",18.5770184048948
"ENSG00000077549",14.9307283730074
"ENSG00000077585",13.1588441599041
"ENSG00000077616",9.57481393387831
"ENSG00000077684",13.6031911964088
"ENSG00000077713",10.8443574485857
"ENSG00000077721",14.0649262965165
"ENSG00000077782",14.976950159666
"ENSG00000077809",13.3636776660801
"ENSG00000077942",13.988277869968
"ENSG00000077943",11.9145258600015
"ENSG00000077984",6.02301829709235
"ENSG00000078018",12.3334245220845
"ENSG00000078043",12.7620317199074
"ENSG00000078053",10.2982962986809
"ENSG00000078061",13.2596848494109
"ENSG00000078070",13.4606758067678
"ENSG00000078098",8.05543977478473
"ENSG00000078114",19.116990983671
"ENSG00000078124",12.5422971375614
"ENSG00000078140",13.8576329917266
"ENSG00000078142",13.0998338941432
"ENSG00000078177",10.806760661928
"ENSG00000078237",10.8719257085945
"ENSG00000078246",11.2038316146774
"ENSG00000078269",13.6753744142561
"ENSG00000078295",7.20744286822978
"ENSG00000078304",15.0140247108507
"ENSG00000078319",10.402790466552
"ENSG00000078328",12.8776033823564
"ENSG00000078369",15.3541388162604
"ENSG00000078401",12.6967288908557
"ENSG00000078403",13.6477306890702
"ENSG00000078487",9.80199141778014
"ENSG00000078549",11.4614321344606
"ENSG00000078589",4.14854917917621
"ENSG00000078596",14.2320285065081
"ENSG00000078618",14.9103774002058
"ENSG00000078668",15.6817166559523
"ENSG00000078674",14.8824118988548
"ENSG00000078687",12.0291530832645
"ENSG00000078699",12.1653574668628
"ENSG00000078725",7.92113868307314
"ENSG00000078747",13.7869850931667
"ENSG00000078795",7.69286969540002
"ENSG00000078804",15.47778492091
"ENSG00000078808",13.8073557104169
"ENSG00000078814",15.1669812093424
"ENSG00000078902",12.5250363728533
"ENSG00000078967",12.8843872273367
"ENSG00000079102",12.2413063200961
"ENSG00000079112",2.56358667845506
"ENSG00000079134",12.4447006391302
"ENSG00000079150",11.5607661593927
"ENSG00000079156",10.6668744868671
"ENSG00000079215",14.8733472231847
"ENSG00000079246",15.2806204279459
"ENSG00000079257",9.96446611473724
"ENSG00000079263",7.31847418061853
"ENSG00000079277",12.9888025817544
"ENSG00000079308",16.8232563934195
"ENSG00000079313",10.8162521109053
"ENSG00000079332",14.2159835399327
"ENSG00000079335",10.3383737380562
"ENSG00000079337",13.2940568156393
"ENSG00000079385",10.4883991820608
"ENSG00000079387",11.225364776227
"ENSG00000079393",10.9601914596369
"ENSG00000079432",11.5607661593927
"ENSG00000079435",11.5494286154584
"ENSG00000079459",13.7845695295368
"ENSG00000079462",7.69286969540002
"ENSG00000079482",10.9772146074792
"ENSG00000079616",11.2465812621367
"ENSG00000079689",9.19294329853467
"ENSG00000079691",10.7779057992558
"ENSG00000079739",15.2629422340435
"ENSG00000079785",15.0765739878741
"ENSG00000079805",14.141487515342
"ENSG00000079819",14.4435527581194
"ENSG00000079841",8.1181755301327
"ENSG00000079931",10.6025056677474
"ENSG00000079950",14.0549387520185
"ENSG00000079974",11.1066184987103
"ENSG00000079999",13.0362775176978
"ENSG00000080007",6.6510495197054
"ENSG00000080031",10.7779057992558
"ENSG00000080166",6.95590410123382
"ENSG00000080189",11.892261605783
"ENSG00000080200",13.4331805216958
"ENSG00000080293",4.88551477334242
"ENSG00000080298",10.9687281415914
"ENSG00000080345",13.2889529363507
"ENSG00000080371",15.5353098396318
"ENSG00000080493",12.2342429275735
"ENSG00000080503",14.1639642315629
"ENSG00000080546",13.8426168149047
"ENSG00000080561",9.64040227550589
"ENSG00000080573",14.1433740079821
"ENSG00000080603",13.8905778533559
"ENSG00000080608",12.1911205629278
"ENSG00000080644",4.88551477334242
"ENSG00000080709",10.5002246174576
"ENSG00000080802",12.0693982323747
"ENSG00000080815",13.0664184825218
"ENSG00000080819",11.8559083112571
"ENSG00000080822",14.3105208148274
"ENSG00000080823",10.7184047875072
"ENSG00000080824",17.2817449188949
"ENSG00000080839",10.3644865783754
"ENSG00000080845",13.1588441599041
"ENSG00000080854",11.8832587994021
"ENSG00000080947",10.0792865167391
"ENSG00000080986",7.69286969540002
"ENSG00000081014",11.9665987020301
"ENSG00000081019",12.0044558460659
"ENSG00000081026",11.3218098931818
"ENSG00000081041",11.9189377748799
"ENSG00000081052",13.3424851544634
"ENSG00000081059",7.20744286822978
"ENSG00000081087",13.5170556406839
"ENSG00000081148",7.08714863451207
"ENSG00000081154",14.6360542866969
"ENSG00000081177",12.0851871181788
"ENSG00000081181",13.0920407892198
"ENSG00000081189",13.7088820133887
"ENSG00000081237",11.8877672250738
"ENSG00000081277",6.26402639659615
"ENSG00000081307",13.4817045294868
"ENSG00000081320",12.0851871181788
"ENSG00000081377",12.9655328024316
"ENSG00000081386",11.3016789380755
"ENSG00000081479",4.14854917917621
"ENSG00000081665",11.7608033715651
"ENSG00000081692",10.6877079902842
"ENSG00000081721",10.7583435328773
"ENSG00000081760",12.0332284956946
"ENSG00000081791",14.2687870565182
"ENSG00000081803",12.2377789466007
"ENSG00000081818",9.91231483268614
"ENSG00000081853",10.3644865783754
"ENSG00000081870",10.8627946968423
"ENSG00000081913",11.0514267122781
"ENSG00000081923",12.2726704910054
"ENSG00000081985",8.29150713301826
"ENSG00000082014",13.6883542142775
"ENSG00000082068",11.7558794929258
"ENSG00000082074",10.3644865783754
"ENSG00000082126",4.14854917917621
"ENSG00000082146",13.1569778012468
"ENSG00000082153",14.0983758899353
"ENSG00000082175",12.8103272769482
"ENSG00000082196",7.51778298884193
"ENSG00000082212",13.9172848875031
"ENSG00000082213",12.6066139620496
"ENSG00000082258",13.6490591376363
"ENSG00000082269",12.1764551757461
"ENSG00000082293",9.35800254480516
"ENSG00000082397",12.172765416597
"ENSG00000082438",12.8821294881578
"ENSG00000082458",11.7360141871005
"ENSG00000082482",5.73351167989737
"ENSG00000082497",8.97297761459276
"ENSG00000082512",11.5031658927698
"ENSG00000082515",12.87533499346
"ENSG00000082516",12.4012146116265
"ENSG00000082556",4.14854917917621
"ENSG00000082641",16.9501901838108
"ENSG00000082684",10.2002112989987
"ENSG00000082701",13.8530292541434
"ENSG00000082781",13.8132927354248
"ENSG00000082805",13.5387181353764
"ENSG00000082898",14.6225930736562
"ENSG00000082996",13.4393360298751
"ENSG00000083067",6.47047727406358
"ENSG00000083093",10.2002112989987
"ENSG00000083097",13.6831762991962
"ENSG00000083099",13.3391969592146
"ENSG00000083123",13.5082987394985
"ENSG00000083168",13.4530906418665
"ENSG00000083223",12.3267990452695
"ENSG00000083290",12.3853606604256
"ENSG00000083312",14.3080000890127
"ENSG00000083444",14.3263839409533
"ENSG00000083454",9.10274548956309
"ENSG00000083457",11.14478726038
"ENSG00000083520",13.317639045984
"ENSG00000083535",11.804378010617
"ENSG00000083544",12.0086015243235
"ENSG00000083635",10.214638369634
"ENSG00000083642",12.4958014304234
"ENSG00000083720",16.0379263846874
"ENSG00000083750",12.2932074220081
"ENSG00000083799",13.821563737019
"ENSG00000083807",9.458404441763
"ENSG00000083812",9.74349576846999
"ENSG00000083814",10.806760661928
"ENSG00000083817",9.5061011837943
"ENSG00000083828",11.1523013140373
"ENSG00000083838",10.3251379108995
"ENSG00000083844",10.476476014685
"ENSG00000083845",15.2357910024191
"ENSG00000083857",14.2258099837729
"ENSG00000083896",13.8860782160525
"ENSG00000083937",13.4802126006663
"ENSG00000084070",12.6283294432053
"ENSG00000084072",12.8685083480367
"ENSG00000084073",13.5243126732941
"ENSG00000084090",15.7771466059315
"ENSG00000084092",11.7754749730011
"ENSG00000084093",12.7422515294615
"ENSG00000084110",7.51778298884193
"ENSG00000084112",13.4921050537129
"ENSG00000084207",14.5440833146385
"ENSG00000084234",16.4204984705389
"ENSG00000084444",11.0433669424842
"ENSG00000084463",13.7869850931667
"ENSG00000084623",14.3527127248803
"ENSG00000084636",11.5607661593927
"ENSG00000084652",12.8776033823564
"ENSG00000084674",12.4749786662985
"ENSG00000084676",13.7266073180359
"ENSG00000084693",11.4734797622251
"ENSG00000084710",8.93862610980198
"ENSG00000084731",10.2570736359544
"ENSG00000084733",14.5723654267356
"ENSG00000084734",5.37094160051266
"ENSG00000084754",16.5905423114579
"ENSG00000084764",12.5873410317545
"ENSG00000084774",11.0753393322224
"ENSG00000085063",17.1314833531483
"ENSG00000085117",11.9364517385676
"ENSG00000085185",10.5692112276489
"ENSG00000085224",14.1480794754309
"ENSG00000085231",14.180594906107
"ENSG00000085265",7.31847418061853
"ENSG00000085274",12.296602000141
"ENSG00000085276",12.8103272769482
"ENSG00000085365",13.4802126006663
"ENSG00000085377",13.2029273871073
"ENSG00000085382",12.1616391786167
"ENSG00000085415",12.6120735524474
"ENSG00000085433",12.4200122070806
"ENSG00000085449",12.99089952259
"ENSG00000085465",8.79240536895094
"ENSG00000085491",12.7146032173473
"ENSG00000085511",12.850144440063
"ENSG00000085514",8.83037321914996
"ENSG00000085563",11.6430714622819
"ENSG00000085644",9.35800254480516
"ENSG00000085662",14.6944789482617
"ENSG00000085719",15.1212896924928
"ENSG00000085721",13.7378882229227
"ENSG00000085733",14.8271493182757
"ENSG00000085741",10.1258291026761
"ENSG00000085760",13.4861710811687
"ENSG00000085788",13.7478421738604
"ENSG00000085831",12.1124085869138
"ENSG00000085832",14.4932149614796
"ENSG00000085840",6.6510495197054
"ENSG00000085871",13.374961371965
"ENSG00000085872",11.3741583131962
"ENSG00000085978",12.3757639839695
"ENSG00000085982",12.87533499346
"ENSG00000085998",14.790299903074
"ENSG00000085999",8.29150713301826
"ENSG00000086015",14.5455106657724
"ENSG00000086061",14.6434047636674
"ENSG00000086062",14.342895652415
"ENSG00000086065",13.7540286972379
"ENSG00000086102",13.6477306890702
"ENSG00000086189",12.5221393938861
"ENSG00000086200",12.8933830166758
"ENSG00000086205",6.95590410123382
"ENSG00000086232",14.0028981402739
"ENSG00000086288",5.37094160051266
"ENSG00000086289",12.9992569393916
"ENSG00000086300",9.64040227550589
"ENSG00000086475",12.824506212118
"ENSG00000086504",12.7095188242756
"ENSG00000086544",12.120092733127
"ENSG00000086589",12.7791196782007
"ENSG00000086598",14.7130162685118
"ENSG00000086619",12.6941572412605
"ENSG00000086666",14.0509242936622
"ENSG00000086712",12.2622913452254
"ENSG00000086717",4.88551477334242
"ENSG00000086730",9.64040227550589
"ENSG00000086758",15.2594674287126
"ENSG00000086827",11.6483950662594
"ENSG00000086848",11.2674902518997
"ENSG00000086991",10.6773288445042
"ENSG00000087008",11.21104510491
"ENSG00000087053",13.0423562979308
"ENSG00000087074",14.0579422819879
"ENSG00000087076",9.5061011837943
"ENSG00000087077",11.5264826837923
"ENSG00000087085",7.20744286822978
"ENSG00000087086",17.2319731024089
"ENSG00000087087",12.944047743544
"ENSG00000087088",11.3547495670101
"ENSG00000087095",13.0158279188859
"ENSG00000087111",13.2906562364788
"ENSG00000087116",11.8280292786817
"ENSG00000087152",12.7422515294615
"ENSG00000087157",11.8877672250738
"ENSG00000087191",14.4412542525229
"ENSG00000087206",12.5734152958232
"ENSG00000087237",7.08714863451207
"ENSG00000087245",14.0286428462862
"ENSG00000087250",7.92113868307314
"ENSG00000087253",12.2829754993971
"ENSG00000087258",10.8627946968423
"ENSG00000087263",12.9505269237794
"ENSG00000087266",12.6992959645595
"ENSG00000087269",12.1124085869138
"ENSG00000087274",15.3149215148564
"ENSG00000087299",11.1066184987103
"ENSG00000087301",11.1597764345995
"ENSG00000087302",14.5397927686037
"ENSG00000087303",12.8268558788277
"ENSG00000087338",11.5494286154584
"ENSG00000087365",14.2970257613545
"ENSG00000087448",12.4898826732362
"ENSG00000087460",17.3858089421316
"ENSG00000087470",14.4580255330173
"ENSG00000087494",7.42156767358263
"ENSG00000087495",9.99821490609178
"ENSG00000087502",13.5614718062842
"ENSG00000087510",6.95590410123382
"ENSG00000087586",10.1856384979114
"ENSG00000087589",8.29150713301826
"ENSG00000087842",12.0332284956946
"ENSG00000087884",12.8639392387833
"ENSG00000087903",9.13344228678601
"ENSG00000087995",11.3350761479557
"ENSG00000088035",10.698012998676
"ENSG00000088038",11.3151307375442
"ENSG00000088053",5.73351167989737
"ENSG00000088179",12.6915809994315
"ENSG00000088205",13.8309586097203
"ENSG00000088247",12.6363892129993
"ENSG00000088256",13.4347218626981
"ENSG00000088280",12.9331840247337
"ENSG00000088298",11.3482215240126
"ENSG00000088305",9.27783219612118
"ENSG00000088320",9.10274548956309
"ENSG00000088325",8.29150713301826
"ENSG00000088340",9.10274548956309
"ENSG00000088356",10.8900161655774
"ENSG00000088367",12.4106440245464
"ENSG00000088387",14.8642252324488
"ENSG00000088448",13.8001988786708
"ENSG00000088451",10.9429650455263
"ENSG00000088538",11.9189377748799
"ENSG00000088543",12.8978599637622
"ENSG00000088682",14.8676527415823
"ENSG00000088726",8.23601202042655
"ENSG00000088727",10.4277728231093
"ENSG00000088756",8.49432401601794
"ENSG00000088766",13.7328853742479
"ENSG00000088808",13.4439354866111
"ENSG00000088812",14.0866585053955
"ENSG00000088826",8.75341123733508
"ENSG00000088827",12.2726704910054
"ENSG00000088832",15.1614064671006
"ENSG00000088833",13.5444402848348
"ENSG00000088836",5.73351167989737
"ENSG00000088854",13.5741147843415
"ENSG00000088876",11.0910636845155
"ENSG00000088881",10.3251379108995
"ENSG00000088882",8.62967586891283
"ENSG00000088888",13.2509623618925
"ENSG00000088899",12.2377789466007
"ENSG00000088930",13.7893966190786
"ENSG00000088970",11.8420361366755
"ENSG00000088986",13.548717051922
"ENSG00000088992",13.0763271412586
"ENSG00000089006",13.7490816026659
"ENSG00000089009",16.2252534528703
"ENSG00000089022",12.0891074875501
"ENSG00000089041",8.23601202042655
"ENSG00000089048",12.1983977286268
"ENSG00000089050",11.288100531575
"ENSG00000089053",14.4008203787941
"ENSG00000089057",12.4839395338701
"ENSG00000089060",11.5551085245308
"ENSG00000089063",14.3809701063523
"ENSG00000089091",9.00653017430379
"ENSG00000089094",10.9940392301206
"ENSG00000089101",12.5593538293329
"ENSG00000089123",10.4153357198711
"ENSG00000089127",10.4153357198711
"ENSG00000089154",13.7881913599936
"ENSG00000089157",16.8238446782703
"ENSG00000089159",14.7456706079658
"ENSG00000089163",8.4462297278169
"ENSG00000089177",12.1353393219586
"ENSG00000089195",11.6851201957951
"ENSG00000089199",12.6229311392795
"ENSG00000089220",16.2012304313646
"ENSG00000089225",11.4913646405374
"ENSG00000089234",11.4734797622251
"ENSG00000089248",13.4439354866111
"ENSG00000089250",5.37094160051266
"ENSG00000089280",15.0898413722837
"ENSG00000089289",13.6141155839856
"ENSG00000089327",11.9012085804476
"ENSG00000089335",13.8121072833935
"ENSG00000089351",11.9919468511593
"ENSG00000089356",7.84898889731731
"ENSG00000089472",13.8156607212512
"ENSG00000089486",13.2351277451669
"ENSG00000089558",7.20744286822978
"ENSG00000089597",15.2861807774116
"ENSG00000089639",9.27783219612118
"ENSG00000089682",11.3084205159546
"ENSG00000089685",7.20744286822978
"ENSG00000089692",6.6510495197054
"ENSG00000089693",14.3263839409533
"ENSG00000089723",6.81151419189864
"ENSG00000089737",15.5015121633181
"ENSG00000089775",12.2553301976263
"ENSG00000089818",12.9845995342343
"ENSG00000089820",11.0674124164508
"ENSG00000089847",6.6510495197054
"ENSG00000089876",13.5642909474663
"ENSG00000089902",12.4137735161008
"ENSG00000089916",13.280406139785
"ENSG00000090006",13.344126445927
"ENSG00000090013",12.9266263087116
"ENSG00000090020",11.6536990981193
"ENSG00000090054",12.7742580222407
"ENSG00000090060",15.1421952391928
"ENSG00000090061",12.2829754993971
"ENSG00000090097",13.3652950373715
"ENSG00000090104",10.6668744868671
"ENSG00000090238",12.0372924280745
"ENSG00000090263",13.2974493981336
"ENSG00000090266",14.7806355920114
"ENSG00000090273",13.5126838341843
"ENSG00000090316",12.6629344888583
"ENSG00000090339",11.8787362407114
"ENSG00000090372",12.6708037540464
"ENSG00000090376",13.7990026140576
"ENSG00000090382",13.1056512207385
"ENSG00000090432",13.0998338941432
"ENSG00000090447",7.98985143315716
"ENSG00000090470",11.6954436390638
"ENSG00000090487",13.4802126006663
"ENSG00000090520",13.6556830934458
"ENSG00000090530",10.0147977902874
"ENSG00000090534",7.42156767358263
"ENSG00000090539",11.0514267122781
"ENSG00000090554",5.73351167989737
"ENSG00000090565",12.6915809994315
"ENSG00000090581",12.1277361684408
"ENSG00000090612",11.2605542046893
"ENSG00000090615",13.2821195545243
"ENSG00000090621",14.9020445215859
"ENSG00000090659",11.0271110517262
"ENSG00000090661",11.1372338659484
"ENSG00000090674",10.9601914596369
"ENSG00000090686",13.4831949170583
"ENSG00000090776",12.6603018329436
"ENSG00000090857",13.8391292345418
"ENSG00000090861",14.1611737180413
"ENSG00000090863",14.7824525885247
"ENSG00000090889",6.81151419189864
"ENSG00000090905",14.0837142287799
"ENSG00000090920",12.7347634761068
"ENSG00000090924",12.3693305506067
"ENSG00000090971",9.72345801523345
"ENSG00000090975",11.8696483678834
"ENSG00000090989",13.3474034377752
"ENSG00000091009",12.7044164492281
"ENSG00000091039",14.0639306477255
"ENSG00000091073",9.55227136522722
"ENSG00000091106",8.1181755301327
"ENSG00000091127",11.3284582691911
"ENSG00000091128",7.92113868307314
"ENSG00000091129",7.31847418061853
"ENSG00000091136",15.7093596479042
"ENSG00000091137",6.47047727406358
"ENSG00000091140",15.7532568310588
"ENSG00000091157",12.5016960046743
"ENSG00000091164",13.92058877072
"ENSG00000091262",7.60798079781351
"ENSG00000091317",13.4891411183286
"ENSG00000091409",14.5716650893233
"ENSG00000091428",11.8512990580045
"ENSG00000091436",17.0210316872829
"ENSG00000091482",16.103351333036
"ENSG00000091483",14.9916850902876
"ENSG00000091490",11.3996370335131
"ENSG00000091513",12.1616391786167
"ENSG00000091527",15.4006232219724
"ENSG00000091536",7.42156767358263
"ENSG00000091542",14.303789067223
"ENSG00000091592",12.5104929529115
"ENSG00000091622",8.17829652257027
"ENSG00000091640",14.1860961331384
"ENSG00000091651",7.92113868307314
"ENSG00000091656",8.54086660195497
"ENSG00000091732",12.2377789466007
"ENSG00000091831",8.1181755301327
"ENSG00000091844",5.37094160051266
"ENSG00000091879",11.594253814702
"ENSG00000091947",12.194763734159
"ENSG00000091972",9.25008720563828
"ENSG00000091986",14.3180566737307
"ENSG00000092009",7.08714863451207
"ENSG00000092010",13.6249578711149
"ENSG00000092020",12.6283294432053
"ENSG00000092036",11.1296407166261
"ENSG00000092051",7.84898889731731
"ENSG00000092054",20.8127881112491
"ENSG00000092068",12.2761136788949
"ENSG00000092094",12.5394346464618
"ENSG00000092096",10.9687281415914
"ENSG00000092098",10.9429650455263
"ENSG00000092108",13.2666250674415
"ENSG00000092140",11.8091393847107
"ENSG00000092148",15.3352824683051
"ENSG00000092199",16.0379263846874
"ENSG00000092200",5.73351167989737
"ENSG00000092201",13.8168432582362
"ENSG00000092203",13.980911796135
"ENSG00000092208",10.5914926750249
"ENSG00000092295",6.26402639659615
"ENSG00000092330",12.9067723939029
"ENSG00000092421",11.5997602910085
"ENSG00000092439",14.627318798652
"ENSG00000092445",9.78275519891722
"ENSG00000092470",9.22179816120685
"ENSG00000092529",8.29150713301826
"ENSG00000092531",14.0837142287799
"ENSG00000092607",8.4462297278169
"ENSG00000092621",9.57481393387831
"ENSG00000092758",8.49432401601794
"ENSG00000092820",15.2117195241077
"ENSG00000092841",16.3464825359128
"ENSG00000092847",12.6093463398377
"ENSG00000092853",7.08714863451207
"ENSG00000092871",11.1746114757624
"ENSG00000092929",9.40907672939943
"ENSG00000092931",12.3267990452695
"ENSG00000092964",14.4753531491146
"ENSG00000092969",11.218222706983
"ENSG00000092978",11.2743931121544
"ENSG00000093000",12.0614385154062
"ENSG00000093009",6.81151419189864
"ENSG00000093010",12.2932074220081
"ENSG00000093072",13.9830202291604
"ENSG00000093100",5.73351167989737
"ENSG00000093134",5.37094160051266
"ENSG00000093144",13.3474034377752
"ENSG00000093167",15.0294081340988
"ENSG00000093183",13.5824822995767
"ENSG00000093217",7.98985143315716
"ENSG00000094631",13.1114451845135
"ENSG00000094755",6.6510495197054
"ENSG00000094804",7.20744286822978
"ENSG00000094841",11.6107105905691
"ENSG00000094880",12.4987517280588
"ENSG00000094914",12.8616492461741
"ENSG00000094916",13.4530906418665
"ENSG00000094963",14.8236240995617
"ENSG00000094975",13.0013387507787
"ENSG00000095002",11.6323649564405
"ENSG00000095015",11.7209336138179
"ENSG00000095059",12.7742580222407
"ENSG00000095066",13.5642909474663
"ENSG00000095139",14.5611190259814
"ENSG00000095203",10.6773288445042
"ENSG00000095209",13.803781732435
"ENSG00000095261",12.4568882093156
"ENSG00000095303",10.7284936051307
"ENSG00000095319",12.6864146732627
"ENSG00000095321",13.409860589805
"ENSG00000095370",13.0861682097099
"ENSG00000095380",11.8466750314791
"ENSG00000095383",9.55227136522722
"ENSG00000095397",6.26402639659615
"ENSG00000095485",11.8787362407114
"ENSG00000095539",8.23601202042655
"ENSG00000095564",13.5908015636149
"ENSG00000095574",12.3725508533743
"ENSG00000095585",7.42156767358263
"ENSG00000095587",9.48244991572965
"ENSG00000095627",8.29150713301826
"ENSG00000095637",17.8290918485702
"ENSG00000095713",9.22179816120685
"ENSG00000095739",12.3101009995935
"ENSG00000095787",14.6854439240677
"ENSG00000095794",13.8860782160525
"ENSG00000095906",10.7779057992558
"ENSG00000095951",11.3547495670101
"ENSG00000095970",9.07138131865375
"ENSG00000096060",15.8814232194596
"ENSG00000096063",12.850144440063
"ENSG00000096070",12.7644852834935
"ENSG00000096080",12.4689736834732
"ENSG00000096092",11.3612482043088
"ENSG00000096093",11.6536990981193
"ENSG00000096384",17.3325463261682
"ENSG00000096401",13.7416290073199
"ENSG00000096433",13.5214142392888
"ENSG00000096654",9.72345801523345
"ENSG00000096696",15.7928561407218
"ENSG00000096717",12.3433060335985
"ENSG00000096746",15.3369319697463
"ENSG00000096872",11.3350761479557
"ENSG00000096968",14.6776543256203
"ENSG00000096996",7.08714863451207
"ENSG00000097007",13.2821195545243
"ENSG00000097021",10.9167335039531
"ENSG00000097033",15.2511810680312
"ENSG00000097046",9.22179816120685
"ENSG00000097096",11.3996370335131
"ENSG00000099139",11.7056937357576
"ENSG00000099194",14.9758918834103
"ENSG00000099203",11.9580493730654
"ENSG00000099204",18.2026729709577
"ENSG00000099219",13.2439462019688
"ENSG00000099246",14.6906137214597
"ENSG00000099250",15.4283531898785
"ENSG00000099251",8.71333379795974
"ENSG00000099256",11.8327133576045
"ENSG00000099260",15.8845282187896
"ENSG00000099282",10.7082449212869
"ENSG00000099284",11.7608033715651
"ENSG00000099290",11.5720153005256
"ENSG00000099308",10.1856384979114
"ENSG00000099326",11.5720153005256
"ENSG00000099330",9.72345801523345
"ENSG00000099331",12.7397598275625
"ENSG00000099337",10.214638369634
"ENSG00000099338",7.69286969540002
"ENSG00000099341",15.6173429010172
"ENSG00000099364",9.19294329853467
"ENSG00000099365",7.77304004408401
"ENSG00000099377",9.82097452114771
"ENSG00000099381",11.0189138987596
"ENSG00000099385",11.9407972088436
"ENSG00000099622",15.2454839052413
"ENSG00000099624",13.0034175624365
"ENSG00000099625",6.6510495197054
"ENSG00000099783",14.3656990970411
"ENSG00000099785",12.8455167054105
"ENSG00000099795",13.2923575279977
"ENSG00000099797",12.3367258851747
"ENSG00000099800",11.9665987020301
"ENSG00000099804",12.3234748616769
"ENSG00000099810",11.7608033715651
"ENSG00000099814",11.1597764345995
"ENSG00000099817",13.0219932916916
"ENSG00000099821",11.7209336138179
"ENSG00000099822",11.4614321344606
"ENSG00000099840",9.33177100323199
"ENSG00000099849",7.98985143315716
"ENSG00000099860",13.6960864080836
"ENSG00000099864",11.3482215240126
"ENSG00000099869",5.37094160051266
"ENSG00000099875",13.3571899877345
"ENSG00000099889",12.2932074220081
"ENSG00000099899",11.3677176996384
"ENSG00000099901",11.6161547292592
"ENSG00000099904",10.9078825863709
"ENSG00000099910",11.1523013140373
"ENSG00000099917",12.0534346388944
"ENSG00000099937",4.14854917917621
"ENSG00000099940",13.0861682097099
"ENSG00000099942",13.6779797333224
"ENSG00000099949",12.8524527526209
"ENSG00000099953",9.10274548956309
"ENSG00000099954",11.7459810318596
"ENSG00000099956",12.5336925690672
"ENSG00000099957",7.08714863451207
"ENSG00000099958",8.54086660195497
"ENSG00000099968",14.5064676756141
"ENSG00000099974",7.69286969540002
"ENSG00000099977",12.570613945349
"ENSG00000099984",9.35800254480516
"ENSG00000099985",6.02301829709235
"ENSG00000099991",12.7497009179967
"ENSG00000099992",9.55227136522722
"ENSG00000099994",9.55227136522722
"ENSG00000099995",13.6635919028778
"ENSG00000099998",12.8079505135756
"ENSG00000099999",10.2002112989987
"ENSG00000100003",8.29150713301826
"ENSG00000100014",11.9877529672732
"ENSG00000100023",12.7791196782007
"ENSG00000100024",8.83037321914996
"ENSG00000100027",11.196581875598
"ENSG00000100028",13.6477306890702
"ENSG00000100029",12.3693305506067
"ENSG00000100030",14.6964076852346
"ENSG00000100031",7.84898889731731
"ENSG00000100033",13.064428558012
"ENSG00000100034",12.3367258851747
"ENSG00000100036",9.38376564087025
"ENSG00000100038",11.0832229312983
"ENSG00000100053",4.88551477334242
"ENSG00000100055",10.7583435328773
"ENSG00000100056",10.9078825863709
"ENSG00000100058",10.7681578227043
"ENSG00000100060",11.5664016940621
"ENSG00000100065",11.21104510491
"ENSG00000100068",9.10274548956309
"ENSG00000100075",11.5322534716503
"ENSG00000100077",11.6377281412076
"ENSG00000100083",12.3367258851747
"ENSG00000100084",9.98143919334096
"ENSG00000100092",7.92113868307314
"ENSG00000100095",4.88551477334242
"ENSG00000100097",14.8100303955723
"ENSG00000100099",12.049415987157
"ENSG00000100100",11.8138850963614
"ENSG00000100101",10.6457357198089
"ENSG00000100104",12.4839395338701
"ENSG00000100105",11.4122096188844
"ENSG00000100106",12.1429026160351
"ENSG00000100109",12.216431651457
"ENSG00000100116",11.3416638079904
"ENSG00000100122",6.47047727406358
"ENSG00000100124",10.9940392301206
"ENSG00000100129",15.801842124559
"ENSG00000100138",14.7149203977467
"ENSG00000100139",11.8650828734376
"ENSG00000100142",12.4354919161142
"ENSG00000100146",9.40907672939943
"ENSG00000100147",7.69286969540002
"ENSG00000100150",11.0514267122781
"ENSG00000100151",11.7608033715651
"ENSG00000100154",12.0372924280745
"ENSG00000100162",4.88551477334242
"ENSG00000100167",6.02301829709235
"ENSG00000100170",15.2008908005613
"ENSG00000100181",9.98143919334096
"ENSG00000100191",7.08714863451207
"ENSG00000100196",11.0594417053422
"ENSG00000100197",4.14854917917621
"ENSG00000100201",17.28334981565
"ENSG00000100206",6.81151419189864
"ENSG00000100207",12.0291530832645
"ENSG00000100209",9.94729097092911
"ENSG00000100211",12.8524527526209
"ENSG00000100216",13.028132428789
"ENSG00000100219",14.3478125388813
"ENSG00000100220",13.6714575927347
"ENSG00000100221",13.9840732912808
"ENSG00000100225",13.8402926983475
"ENSG00000100226",12.6038763994808
"ENSG00000100227",13.374961371965
"ENSG00000100228",7.84898889731731
"ENSG00000100234",17.6416957795554
"ENSG00000100239",12.9178360604003
"ENSG00000100241",12.9591208139174
"ENSG00000100242",14.9064947122466
"ENSG00000100243",14.9367237142572
"ENSG00000100246",10.5235886105231
"ENSG00000100258",11.4431699280678
"ENSG00000100263",10.0949681389714
"ENSG00000100266",14.1167359540536
"ENSG00000100271",10.6457357198089
"ENSG00000100276",8.29150713301826
"ENSG00000100280",12.94621070503
"ENSG00000100281",11.9750976664671
"ENSG00000100284",12.87533499346
"ENSG00000100285",7.60798079781351
"ENSG00000100288",8.3964766926198
"ENSG00000100292",11.9233362387774
"ENSG00000100294",10.806760661928
"ENSG00000100296",12.7497009179967
"ENSG00000100297",10.7385123609557
"ENSG00000100298",4.88551477334242
"ENSG00000100299",11.514871393422
"ENSG00000100300",12.4447006391302
"ENSG00000100302",10.476476014685
"ENSG00000100304",11.1672130234412
"ENSG00000100307",14.5079327125929
"ENSG00000100311",12.5192365859834
"ENSG00000100312",6.81151419189864
"ENSG00000100316",16.5067424833944
"ENSG00000100319",10.9255304521903
"ENSG00000100320",14.6789555162753
"ENSG00000100321",12.7912026218693
"ENSG00000100324",11.8280292786817
"ENSG00000100325",12.7693799278522
"ENSG00000100330",13.5082987394985
"ENSG00000100335",12.4987517280588
"ENSG00000100336",11.0514267122781
"ENSG00000100342",12.4719792992288
"ENSG00000100345",16.7296712833879
"ENSG00000100347",13.4530906418665
"ENSG00000100348",14.2382203402223
"ENSG00000100350",10.5002246174576
"ENSG00000100351",7.69286969540002
"ENSG00000100353",14.6124140918189
"ENSG00000100354",13.0034175624365
"ENSG00000100359",12.6363892129993
"ENSG00000100360",11.8327133576045
"ENSG00000100364",12.4262240360139
"ENSG00000100365",10.2430667779605
"ENSG00000100368",10.3117795280445
"ENSG00000100372",11.1296407166261
"ENSG00000100376",11.7657105022855
"ENSG00000100379",11.2674902518997
"ENSG00000100380",15.3199345039716
"ENSG00000100385",7.20744286822978
"ENSG00000100387",12.2518369875882
"ENSG00000100393",13.3109405079331
"ENSG00000100395",12.459919082365
"ENSG00000100399",8.67211113523323
"ENSG00000100401",12.8911393225363
"ENSG00000100403",13.7366391362292
"ENSG00000100410",11.6161547292592
"ENSG00000100412",16.7178510153793
"ENSG00000100413",11.7996008703551
"ENSG00000100416",12.2898048377873
"ENSG00000100417",11.9101004116207
"ENSG00000100418",13.3523050111455
"ENSG00000100422",14.1933986228373
"ENSG00000100425",11.9233362387774
"ENSG00000100426",10.9601914596369
"ENSG00000100429",6.26402639659615
"ENSG00000100439",12.3367258851747
"ENSG00000100441",13.4652078368012
"ENSG00000100442",14.3230587996579
"ENSG00000100445",13.3490391466136
"ENSG00000100448",6.26402639659615
"ENSG00000100450",5.37094160051266
"ENSG00000100453",6.47047727406358
"ENSG00000100461",13.5543997576087
"ENSG00000100462",13.4424039630693
"ENSG00000100473",8.4462297278169
"ENSG00000100478",10.5351302324058
"ENSG00000100479",8.05543977478473
"ENSG00000100483",11.3482215240126
"ENSG00000100485",13.9435064961016
"ENSG00000100490",8.58595449148351
"ENSG00000100503",13.6343784878781
"ENSG00000100504",12.0812560665889
"ENSG00000100505",10.1104811383427
"ENSG00000100519",14.4180655126267
"ENSG00000100522",11.7158715207616
"ENSG00000100523",12.1124085869138
"ENSG00000100526",8.49432401601794
"ENSG00000100528",13.5112236164069
"ENSG00000100532",11.804378010617
"ENSG00000100554",14.7672405639847
"ENSG00000100558",6.02301829709235
"ENSG00000100564",11.9189377748799
"ENSG00000100567",13.9724471144798
"ENSG00000100568",14.1851807174726
"ENSG00000100575",11.9708544426998
"ENSG00000100577",10.3117795280445
"ENSG00000100578",11.4492830517945
"ENSG00000100580",12.4719792992288
"ENSG00000100583",6.02301829709235
"ENSG00000100591",14.3147122618223
"ENSG00000100592",13.5796985166756
"ENSG00000100596",13.4269986373967
"ENSG00000100599",10.7779057992558
"ENSG00000100600",14.2731013391618
"ENSG00000100601",11.0106699046647
"ENSG00000100603",13.3243066259207
"ENSG00000100605",13.5558169434209
"ENSG00000100612",13.1056512207385
"ENSG00000100614",14.5137780284278
"ENSG00000100625",8.54086660195497
"ENSG00000100626",13.5214142392888
"ENSG00000100628",13.472729725795
"ENSG00000100629",9.22179816120685
"ENSG00000100632",13.6127545508272
"ENSG00000100644",14.3021012108843
"ENSG00000100647",13.3829674693197
"ENSG00000100650",15.8264156077168
"ENSG00000100664",16.0118320667654
"ENSG00000100678",4.88551477334242
"ENSG00000100697",13.803781732435
"ENSG00000100711",12.7397598275625
"ENSG00000100714",13.7190374097672
"ENSG00000100722",13.0158279188859
"ENSG00000100726",10.9940392301206
"ENSG00000100731",14.2944813249967
"ENSG00000100744",11.7558794929258
"ENSG00000100749",10.4277728231093
"ENSG00000100764",13.659642917636
"ENSG00000100767",9.66161876141559
"ENSG00000100784",11.2324716627213
"ENSG00000100796",13.3008340214828
"ENSG00000100802",10.3383737380562
"ENSG00000100804",14.0964295894163
"ENSG00000100811",13.7114275721274
"ENSG00000100813",14.3029453858885
"ENSG00000100814",14.5419396366202
"ENSG00000100815",13.3058961145391
"ENSG00000100823",13.8097334530909
"ENSG00000100836",12.7521755241624
"ENSG00000100842",9.59700967999251
"ENSG00000100852",14.7174553336783
"ENSG00000100865",12.223582570885
"ENSG00000100883",13.4667153552674
"ENSG00000100888",13.2527110833683
"ENSG00000100889",10.1709169922047
"ENSG00000100890",6.02301829709235
"ENSG00000100897",13.8770366194181
"ENSG00000100902",10.6877079902842
"ENSG00000100906",13.7821499146453
"ENSG00000100908",10.1258291026761
"ENSG00000100911",13.1883821343153
"ENSG00000100916",12.1874681684685
"ENSG00000100918",9.80199141778014
"ENSG00000100926",8.97297761459276
"ENSG00000100934",14.5261212419663
"ENSG00000100938",13.1883821343153
"ENSG00000100941",14.3729528862711
"ENSG00000100949",11.3350761479557
"ENSG00000100968",12.4200122070806
"ENSG00000100979",14.6151355168955
"ENSG00000100982",12.2553301976263
"ENSG00000100983",12.4262240360139
"ENSG00000100985",6.6510495197054
"ENSG00000100987",7.08714863451207
"ENSG00000100991",13.6896457945257
"ENSG00000100994",15.6532026726832
"ENSG00000100997",12.3531203234254
"ENSG00000101000",11.5997602910085
"ENSG00000101003",6.95590410123382
"ENSG00000101004",10.4401036250201
"ENSG00000101017",11.0753393322224
"ENSG00000101019",14.2346854042035
"ENSG00000101040",12.7146032173473
"ENSG00000101049",9.03932010942146
"ENSG00000101052",11.218222706983
"ENSG00000101057",6.6510495197054
"ENSG00000101079",13.2940568156393
"ENSG00000101082",6.02301829709235
"ENSG00000101084",8.54086660195497
"ENSG00000101096",10.4153357198711
"ENSG00000101098",4.88551477334242
"ENSG00000101104",10.1258291026761
"ENSG00000101109",12.172765416597
"ENSG00000101126",13.5713147930873
"ENSG00000101132",11.9407972088436
"ENSG00000101134",12.362868299977
"ENSG00000101138",11.7056937357576
"ENSG00000101144",11.4734797622251
"ENSG00000101146",11.7310048242868
"ENSG00000101150",14.3777685626453
"ENSG00000101152",13.317639045984
"ENSG00000101158",12.9067723939029
"ENSG00000101160",14.4857993962405
"ENSG00000101161",13.5501398282117
"ENSG00000101162",5.73351167989737
"ENSG00000101166",13.7906008721042
"ENSG00000101181",11.288100531575
"ENSG00000101182",14.6373935256336
"ENSG00000101187",13.2137408921302
"ENSG00000101189",10.6668744868671
"ENSG00000101190",11.1597764345995
"ENSG00000101191",13.3941018854319
"ENSG00000101193",11.8233299421458
"ENSG00000101194",8.58595449148351
"ENSG00000101197",2.56358667845506
"ENSG00000101199",12.3433060335985
"ENSG00000101210",15.9849940905176
"ENSG00000101216",11.2949057094801
"ENSG00000101220",10.2570736359544
"ENSG00000101224",11.1746114757624
"ENSG00000101230",7.42156767358263
"ENSG00000101236",11.2949057094801
"ENSG00000101246",12.3234748616769
"ENSG00000101247",12.5845666173593
"ENSG00000101251",7.51778298884193
"ENSG00000101255",7.77304004408401
"ENSG00000101265",12.4293199493068
"ENSG00000101266",14.5239506873329
"ENSG00000101276",11.6323649564405
"ENSG00000101278",7.92113868307314
"ENSG00000101282",5.73351167989737
"ENSG00000101290",15.2184464326625
"ENSG00000101294",12.6967288908557
"ENSG00000101298",10.7972063552148
"ENSG00000101306",4.88551477334242
"ENSG00000101307",8.23601202042655
"ENSG00000101310",12.0930172326012
"ENSG00000101311",7.98985143315716
"ENSG00000101331",11.4370307909704
"ENSG00000101333",13.0544375551954
"ENSG00000101335",17.369481662983
"ENSG00000101336",10.7184047875072
"ENSG00000101337",13.6263074456201
"ENSG00000101343",12.5536906423126
"ENSG00000101346",13.2666250674415
"ENSG00000101347",14.7884927691748
"ENSG00000101350",12.6786303286168
"ENSG00000101353",9.16349952064219
"ENSG00000101361",13.3075795395152
"ENSG00000101363",12.3917231626492
"ENSG00000101365",14.4008203787941
"ENSG00000101367",14.5130486578152
"ENSG00000101384",13.8321286787552
"ENSG00000101391",12.2726704910054
"ENSG00000101400",14.6527060763702
"ENSG00000101407",12.0250661257412
"ENSG00000101412",6.47047727406358
"ENSG00000101413",13.8472538459466
"ENSG00000101417",10.0147977902874
"ENSG00000101421",14.2006643355987
"ENSG00000101425",4.14854917917621
"ENSG00000101439",14.996911305171
"ENSG00000101440",8.23601202042655
"ENSG00000101442",10.2430667779605
"ENSG00000101443",6.95590410123382
"ENSG00000101444",13.3209766878217
"ENSG00000101445",13.017885972075
"ENSG00000101447",7.08714863451207
"ENSG00000101452",12.4168962338587
"ENSG00000101457",11.6589837012476
"ENSG00000101460",12.2829754993971
"ENSG00000101463",12.3531203234254
"ENSG00000101464",11.5664016940621
"ENSG00000101470",5.73351167989737
"ENSG00000101473",11.7056937357576
"ENSG00000101474",13.7906008721042
"ENSG00000101489",5.73351167989737
"ENSG00000101493",11.6161547292592
"ENSG00000101542",4.88551477334242
"ENSG00000101544",12.3885454189836
"ENSG00000101546",10.6350490410117
"ENSG00000101557",13.9413394734773
"ENSG00000101558",14.9593885498448
"ENSG00000101574",11.225364776227
"ENSG00000101577",12.2553301976263
"ENSG00000101596",13.8250939876571
"ENSG00000101605",18.0202940229321
"ENSG00000101608",18.6370797530316
"ENSG00000101624",9.10274548956309
"ENSG00000101638",10.1104811383427
"ENSG00000101639",12.776690898097
"ENSG00000101654",13.2631591317423
"ENSG00000101665",13.2786906876912
"ENSG00000101670",8.67211113523323
"ENSG00000101680",7.98985143315716
"ENSG00000101695",11.8466750314791
"ENSG00000101745",13.3490391466136
"ENSG00000101746",7.08714863451207
"ENSG00000101751",12.0534346388944
"ENSG00000101752",13.3669105974965
"ENSG00000101773",10.9601914596369
"ENSG00000101782",13.9369956386838
"ENSG00000101811",10.5803949661416
"ENSG00000101825",10.3644865783754
"ENSG00000101843",12.3067380725676
"ENSG00000101844",12.7018584786273
"ENSG00000101846",11.7209336138179
"ENSG00000101849",11.514871393422
"ENSG00000101856",12.9971721196056
"ENSG00000101868",11.5551085245308
"ENSG00000101871",11.0594417053422
"ENSG00000101882",11.3350761479557
"ENSG00000101883",2.56358667845506
"ENSG00000101888",9.89450355656967
"ENSG00000101892",7.08714863451207
"ENSG00000101898",6.6510495197054
"ENSG00000101901",12.7936071141607
"ENSG00000101911",10.1104811383427
"ENSG00000101916",9.33177100323199
"ENSG00000101928",13.0939930155541
"ENSG00000101935",9.76325902329142
"ENSG00000101938",11.1597764345995
"ENSG00000101940",13.5671045905637
"ENSG00000101945",9.70313803085385
"ENSG00000101955",13.7177718877204
"ENSG00000101966",13.2368957540168
"ENSG00000101972",13.8025884362206
"ENSG00000101974",11.8741994601146
"ENSG00000101977",8.86736742663216
"ENSG00000101986",9.76325902329142
"ENSG00000101997",10.8162521109053
"ENSG00000102001",6.6510495197054
"ENSG00000102003",9.27783219612118
"ENSG00000102007",13.548717051922
"ENSG00000102010",10.3383737380562
"ENSG00000102024",14.6566740688993
"ENSG00000102030",11.6799306396925
"ENSG00000102032",10.1709169922047
"ENSG00000102034",10.7875883526532
"ENSG00000102038",13.7012182766905
"ENSG00000102043",6.95590410123382
"ENSG00000102048",8.34494639197972
"ENSG00000102053",7.51778298884193
"ENSG00000102054",14.5660501173476
"ENSG00000102057",7.69286969540002
"ENSG00000102078",10.6877079902842
"ENSG00000102081",13.2474585470777
"ENSG00000102096",9.52937096311715
"ENSG00000102098",9.38376564087025
"ENSG00000102100",11.0352618928471
"ENSG00000102103",12.1085511112443
"ENSG00000102119",13.1343911161796
"ENSG00000102125",12.8197953669824
"ENSG00000102144",16.3928138974652
"ENSG00000102158",14.5786532116853
"ENSG00000102172",13.2298106812582
"ENSG00000102174",4.14854917917621
"ENSG00000102178",13.0463946351817
"ENSG00000102181",14.3857591399312
"ENSG00000102189",13.1681399075341
"ENSG00000102218",11.2812631015215
"ENSG00000102221",11.1372338659484
"ENSG00000102225",14.2249194312502
"ENSG00000102226",13.0322107213731
"ENSG00000102230",5.73351167989737
"ENSG00000102241",14.1602423461297
"ENSG00000102245",5.37094160051266
"ENSG00000102265",14.0255776290406
"ENSG00000102271",8.49432401601794
"ENSG00000102287",12.7521755241624
"ENSG00000102302",10.2002112989987
"ENSG00000102309",11.9189377748799
"ENSG00000102312",11.4246735844505
"ENSG00000102316",14.4902533078023
"ENSG00000102317",14.6854439240677
"ENSG00000102349",11.4184550617153
"ENSG00000102359",11.892261605783
"ENSG00000102362",10.9687281415914
"ENSG00000102383",10.7583435328773
"ENSG00000102384",7.51778298884193
"ENSG00000102385",5.73351167989737
"ENSG00000102387",2.56358667845506
"ENSG00000102390",12.0453861101208
"ENSG00000102393",10.9687281415914
"ENSG00000102401",14.5807430648382
"ENSG00000102409",13.8391292345418
"ENSG00000102445",6.47047727406358
"ENSG00000102452",10.8627946968423
"ENSG00000102466",10.0634325655383
"ENSG00000102468",5.73351167989737
"ENSG00000102471",13.5097619191786
"ENSG00000102524",8.75341123733508
"ENSG00000102531",14.232914682851
"ENSG00000102543",11.6430714622819
"ENSG00000102547",12.8978599637622
"ENSG00000102554",10.3383737380562
"ENSG00000102572",13.6290028131316
"ENSG00000102575",7.84898889731731
"ENSG00000102580",13.5852607213134
"ENSG00000102595",12.3334245220845
"ENSG00000102606",13.893943395413
"ENSG00000102678",10.7284936051307
"ENSG00000102683",14.2231366753349
"ENSG00000102699",13.5755127447619
"ENSG00000102710",12.8547573777769
"ENSG00000102738",12.5192365859834
"ENSG00000102743",9.19294329853467
"ENSG00000102753",14.1723035324756
"ENSG00000102755",15.8433423341762
"ENSG00000102760",13.7821499146453
"ENSG00000102763",13.8838231236967
"ENSG00000102780",13.0723718405196
"ENSG00000102781",13.317639045984
"ENSG00000102786",12.3531203234254
"ENSG00000102796",10.9856514446279
"ENSG00000102802",12.7693799278522
"ENSG00000102804",15.2763286055308
"ENSG00000102805",12.3367258851747
"ENSG00000102837",6.47047727406358
"ENSG00000102858",11.9835468563029
"ENSG00000102870",12.6681854320194
"ENSG00000102871",10.0147977902874
"ENSG00000102878",11.5322534716503
"ENSG00000102879",10.5692112276489
"ENSG00000102882",13.2889529363507
"ENSG00000102886",8.71333379795974
"ENSG00000102890",7.51778298884193
"ENSG00000102893",14.3138749460467
"ENSG00000102897",13.3259687171655
"ENSG00000102898",12.9888025817544
"ENSG00000102900",12.1046832938046
"ENSG00000102901",12.3067380725676
"ENSG00000102904",7.98985143315716
"ENSG00000102908",13.4831949170583
"ENSG00000102910",14.3745598984572
"ENSG00000102921",12.2622913452254
"ENSG00000102924",10.8627946968423
"ENSG00000102931",13.7675463816945
"ENSG00000102934",10.2709458105359
"ENSG00000102935",10.0792865167391
"ENSG00000102962",2.56358667845506
"ENSG00000102967",10.6134352279056
"ENSG00000102974",12.8197953669824
"ENSG00000102977",9.85820742734668
"ENSG00000102978",13.5372840447604
"ENSG00000102981",8.58595449148351
"ENSG00000102984",9.00653017430379
"ENSG00000102996",12.180135522234
"ENSG00000103005",12.850144440063
"ENSG00000103018",13.4697256746504
"ENSG00000103021",10.1104811383427
"ENSG00000103024",10.2002112989987
"ENSG00000103034",17.2738011931051
"ENSG00000103035",14.6062720506744
"ENSG00000103037",11.8280292786817
"ENSG00000103042",13.0034175624365
"ENSG00000103043",12.1124085869138
"ENSG00000103044",7.20744286822978
"ENSG00000103047",11.3084205159546
"ENSG00000103051",13.1532378249698
"ENSG00000103056",4.14854917917621
"ENSG00000103061",12.0851871181788
"ENSG00000103064",15.0521800122905
"ENSG00000103066",13.3209766878217
"ENSG00000103067",6.6510495197054
"ENSG00000103091",13.2191174016107
"ENSG00000103111",12.6256328161755
"ENSG00000103121",13.2906562364788
"ENSG00000103126",11.0594417053422
"ENSG00000103145",12.4629436013782
"ENSG00000103148",11.3084205159546
"ENSG00000103150",14.2024750607073
"ENSG00000103152",11.0832229312983
"ENSG00000103154",6.02301829709235
"ENSG00000103160",13.315967325008
"ENSG00000103168",12.87533499346
"ENSG00000103174",10.1410155064908
"ENSG00000103175",9.82097452114771
"ENSG00000103184",11.4370307909704
"ENSG00000103187",11.7360141871005
"ENSG00000103194",13.0604404558431
"ENSG00000103196",14.7275507698673
"ENSG00000103197",12.9156301042505
"ENSG00000103199",10.3251379108995
"ENSG00000103202",12.6202243935683
"ENSG00000103222",12.8127001311688
"ENSG00000103226",11.1819721807137
"ENSG00000103227",9.91231483268614
"ENSG00000103241",7.31847418061853
"ENSG00000103245",11.6799306396925
"ENSG00000103248",10.8443574485857
"ENSG00000103249",12.1429026160351
"ENSG00000103253",9.16349952064219
"ENSG00000103254",8.49432401601794
"ENSG00000103257",10.6025056677474
"ENSG00000103260",10.6668744868671
"ENSG00000103264",13.0054933829973
"ENSG00000103266",13.2209051280363
"ENSG00000103269",5.73351167989737
"ENSG00000103274",12.4508072939234
"ENSG00000103275",13.4652078368012
"ENSG00000103313",8.05543977478473
"ENSG00000103316",14.0028981402739
"ENSG00000103319",12.5308129372911
"ENSG00000103326",10.8627946968423
"ENSG00000103335",12.5336925690672
"ENSG00000103342",14.4602974941812
"ENSG00000103343",9.89450355656967
"ENSG00000103351",12.1579112823799
"ENSG00000103353",13.5155998433445
"ENSG00000103356",12.6390658279431
"ENSG00000103363",13.8025884362206
"ENSG00000103365",14.0255776290406
"ENSG00000103381",11.725978007212
"ENSG00000103404",13.028132428789
"ENSG00000103415",14.0225058854226
"ENSG00000103423",13.851876020636
"ENSG00000103429",12.9655328024316
"ENSG00000103449",5.73351167989737
"ENSG00000103472",8.23601202042655
"ENSG00000103479",14.4618101496706
"ENSG00000103485",12.0209675575276
"ENSG00000103489",10.5692112276489
"ENSG00000103490",9.00653017430379
"ENSG00000103494",9.99821490609178
"ENSG00000103495",12.5593538293329
"ENSG00000103496",12.4354919161142
"ENSG00000103502",13.5671045905637
"ENSG00000103507",12.8570583272932
"ENSG00000103510",13.2011172299804
"ENSG00000103512",13.8025884362206
"ENSG00000103522",4.14854917917621
"ENSG00000103528",7.31847418061853
"ENSG00000103540",11.7657105022855
"ENSG00000103544",12.7472220599283
"ENSG00000103549",12.652374917172
"ENSG00000103550",10.9601914596369
"ENSG00000103569",7.84898889731731
"ENSG00000103591",12.7272363544709
"ENSG00000103599",8.49432401601794
"ENSG00000103642",12.194763734159
"ENSG00000103647",11.21104510491
"ENSG00000103653",11.2605542046893
"ENSG00000103657",14.765404295123
"ENSG00000103671",12.1764551757461
"ENSG00000103707",11.8650828734376
"ENSG00000103710",12.7069698924449
"ENSG00000103723",6.95590410123382
"ENSG00000103740",6.81151419189864
"ENSG00000103742",7.60798079781351
"ENSG00000103769",14.8567709092146
"ENSG00000103811",13.92058877072
"ENSG00000103852",11.5494286154584
"ENSG00000103855",12.3134561058519
"ENSG00000103876",12.1046832938046
"ENSG00000103888",6.02301829709235
"ENSG00000103932",11.9364517385676
"ENSG00000103942",12.5508506905276
"ENSG00000103966",13.3877498881992
"ENSG00000103978",13.1343911161796
"ENSG00000103994",17.646193143983
"ENSG00000103995",9.59700967999251
"ENSG00000104043",10.4883991820608
"ENSG00000104044",4.14854917917621
"ENSG00000104047",11.7509387516556
"ENSG00000104059",5.73351167989737
"ENSG00000104064",11.3805703017104
"ENSG00000104067",15.1417234618698
"ENSG00000104081",10.0147977902874
"ENSG00000104093",12.7863815813232
"ENSG00000104129",10.6668744868671
"ENSG00000104131",13.9249822116209
"ENSG00000104133",13.8449371934361
"ENSG00000104142",11.4674685241912
"ENSG00000104147",5.73351167989737
"ENSG00000104154",10.7385123609557
"ENSG00000104164",13.8905778533559
"ENSG00000104177",13.0684056660879
"ENSG00000104205",10.3251379108995
"ENSG00000104213",10.4153357198711
"ENSG00000104218",11.5887262407336
"ENSG00000104219",12.316803427634
"ENSG00000104221",10.7681578227043
"ENSG00000104228",11.2535846498745
"ENSG00000104231",12.7644852834935
"ENSG00000104267",12.1616391786167
"ENSG00000104290",11.14478726038
"ENSG00000104299",11.3016789380755
"ENSG00000104312",11.2395437113968
"ENSG00000104313",12.3596262872848
"ENSG00000104320",13.1133713464029
"ENSG00000104324",12.7887941153986
"ENSG00000104325",15.5742896034924
"ENSG00000104331",14.7047358768926
"ENSG00000104332",13.0524310249124
"ENSG00000104341",15.9624639470834
"ENSG00000104343",12.7693799278522
"ENSG00000104356",10.7385123609557
"ENSG00000104361",12.4262240360139
"ENSG00000104365",12.8362164634314
"ENSG00000104368",12.0693982323747
"ENSG00000104369",13.1902083308134
"ENSG00000104375",11.8373822776693
"ENSG00000104381",10.8350497063594
"ENSG00000104388",14.8613627413492
"ENSG00000104408",15.5421183981644
"ENSG00000104412",13.280406139785
"ENSG00000104413",8.75341123733508
"ENSG00000104415",9.22179816120685
"ENSG00000104419",15.5788274817877
"ENSG00000104427",11.6589837012476
"ENSG00000104432",5.73351167989737
"ENSG00000104442",13.3309435325807
"ENSG00000104447",10.8256815238252
"ENSG00000104450",9.76325902329142
"ENSG00000104472",12.2271447826723
"ENSG00000104490",12.1764551757461
"ENSG00000104497",11.6269817597436
"ENSG00000104517",14.5490728775597
"ENSG00000104518",11.3741583131962
"ENSG00000104522",11.4246735844505
"ENSG00000104524",8.62967586891283
"ENSG00000104529",15.5237696602869
"ENSG00000104549",11.3284582691911
"ENSG00000104611",10.1104811383427
"ENSG00000104613",12.87533499346
"ENSG00000104626",10.9429650455263
"ENSG00000104635",15.1995314772438
"ENSG00000104643",13.3008340214828
"ENSG00000104660",14.014282450028
"ENSG00000104671",12.7815443763192
"ENSG00000104679",12.1504264664169
"ENSG00000104687",13.2544576877474
"ENSG00000104689",10.2982962986809
"ENSG00000104691",10.390135165746
"ENSG00000104695",15.1112042333579
"ENSG00000104714",11.57760714877
"ENSG00000104722",4.14854917917621
"ENSG00000104723",13.5810910795645
"ENSG00000104728",13.3209766878217
"ENSG00000104731",10.9856514446279
"ENSG00000104738",12.1162557759693
"ENSG00000104756",14.4297064717581
"ENSG00000104763",17.4897436607219
"ENSG00000104765",14.1565108340827
"ENSG00000104774",11.6107105905691
"ENSG00000104783",7.08714863451207
"ENSG00000104804",6.02301829709235
"ENSG00000104805",15.1785265257658
"ENSG00000104812",15.1539398094331
"ENSG00000104814",7.92113868307314
"ENSG00000104823",14.3063171549742
"ENSG00000104824",13.9271739249796
"ENSG00000104825",10.8350497063594
"ENSG00000104833",7.60798079781351
"ENSG00000104835",8.4462297278169
"ENSG00000104848",8.3964766926198
"ENSG00000104852",14.9153541224149
"ENSG00000104853",13.56991275698
"ENSG00000104856",8.23601202042655
"ENSG00000104859",11.8696483678834
"ENSG00000104863",9.87646963373941
"ENSG00000104866",10.9687281415914
"ENSG00000104870",13.2351277451669
"ENSG00000104872",11.8186152482738
"ENSG00000104879",18.6044542865467
"ENSG00000104880",9.78275519891722
"ENSG00000104881",12.7742580222407
"ENSG00000104883",6.81151419189864
"ENSG00000104884",10.9255304521903
"ENSG00000104885",11.7851737997199
"ENSG00000104886",12.3980577284393
"ENSG00000104888",9.33177100323199
"ENSG00000104889",9.35800254480516
"ENSG00000104894",9.89450355656967
"ENSG00000104897",10.476476014685
"ENSG00000104903",8.83037321914996
"ENSG00000104904",15.6220858266398
"ENSG00000104907",11.7996008703551
"ENSG00000104915",11.7107916033973
"ENSG00000104921",6.81151419189864
"ENSG00000104936",14.149957373569
"ENSG00000104946",12.2413063200961
"ENSG00000104951",4.14854917917621
"ENSG00000104953",7.31847418061853
"ENSG00000104957",12.1239195126675
"ENSG00000104960",12.8685083480367
"ENSG00000104964",15.9466158995393
"ENSG00000104967",10.9078825863709
"ENSG00000104969",13.1792163154232
"ENSG00000104972",8.4462297278169
"ENSG00000104973",11.4913646405374
"ENSG00000104974",6.6510495197054
"ENSG00000104976",10.1104811383427
"ENSG00000104979",13.1883821343153
"ENSG00000104980",12.9222378793479
"ENSG00000104983",9.43395139803846
"ENSG00000104998",11.1220073917237
"ENSG00000105011",6.81151419189864
"ENSG00000105048",13.0484095727172
"ENSG00000105053",12.1874681684685
"ENSG00000105058",13.1172159723714
"ENSG00000105063",12.6890001489384
"ENSG00000105072",9.87646963373941
"ENSG00000105085",9.38376564087025
"ENSG00000105088",10.3251379108995
"ENSG00000105122",7.77304004408401
"ENSG00000105127",12.1541737283701
"ENSG00000105131",2.56358667845506
"ENSG00000105135",13.4606758067678
"ENSG00000105136",10.1709169922047
"ENSG00000105137",11.2535846498745
"ENSG00000105146",7.60798079781351
"ENSG00000105171",11.9407972088436
"ENSG00000105173",8.3964766926198
"ENSG00000105176",13.1438452459548
"ENSG00000105185",13.3008340214828
"ENSG00000105186",12.5016960046743
"ENSG00000105193",16.016214027557
"ENSG00000105197",13.0703901162507
"ENSG00000105202",12.9266263087116
"ENSG00000105204",9.94729097092911
"ENSG00000105219",4.88551477334242
"ENSG00000105220",15.6686767295011
"ENSG00000105221",14.0758333212842
"ENSG00000105223",13.5257597095648
"ENSG00000105227",9.96446611473724
"ENSG00000105229",10.2709458105359
"ENSG00000105245",10.9342740852623
"ENSG00000105246",6.95590410123382
"ENSG00000105248",10.6668744868671
"ENSG00000105254",12.9288155277066
"ENSG00000105258",11.8877672250738
"ENSG00000105270",9.89450355656967
"ENSG00000105281",11.4492830517945
"ENSG00000105287",11.0189138987596
"ENSG00000105290",10.9255304521903
"ENSG00000105298",10.7583435328773
"ENSG00000105321",10.8256815238252
"ENSG00000105323",14.1574446173133
"ENSG00000105325",11.218222706983
"ENSG00000105327",7.20744286822978
"ENSG00000105329",11.3996370335131
"ENSG00000105339",13.4145548294375
"ENSG00000105341",13.6960864080836
"ENSG00000105352",6.95590410123382
"ENSG00000105355",11.8741994601146
"ENSG00000105357",13.4269986373967
"ENSG00000105364",12.3433060335985
"ENSG00000105366",4.88551477334242
"ENSG00000105371",4.88551477334242
"ENSG00000105372",15.4029873274435
"ENSG00000105373",13.7614176764673
"ENSG00000105374",5.73351167989737
"ENSG00000105379",12.99089952259
"ENSG00000105383",10.1709169922047
"ENSG00000105393",11.6954436390638
"ENSG00000105397",12.6941572412605
"ENSG00000105401",14.5632344149834
"ENSG00000105402",14.0499189312237
"ENSG00000105404",12.4416375911836
"ENSG00000105409",14.5863012514998
"ENSG00000105419",10.0474024557193
"ENSG00000105426",12.3367258851747
"ENSG00000105427",4.14854917917621
"ENSG00000105429",13.1037147170372
"ENSG00000105438",13.6059300582487
"ENSG00000105443",12.3033672882283
"ENSG00000105447",11.9451296296396
"ENSG00000105464",5.73351167989737
"ENSG00000105472",8.71333379795974
"ENSG00000105479",5.73351167989737
"ENSG00000105483",13.5444402848348
"ENSG00000105486",9.74349576846999
"ENSG00000105497",11.1296407166261
"ENSG00000105499",12.6864146732627
"ENSG00000105501",7.31847418061853
"ENSG00000105509",7.51778298884193
"ENSG00000105514",11.2395437113968
"ENSG00000105516",7.77304004408401
"ENSG00000105518",12.5983856410323
"ENSG00000105519",9.57481393387831
"ENSG00000105520",11.3612482043088
"ENSG00000105538",11.6589837012476
"ENSG00000105552",12.6812297798441
"ENSG00000105556",11.5887262407336
"ENSG00000105559",12.1162557759693
"ENSG00000105568",15.5857810802157
"ENSG00000105576",13.2404252849292
"ENSG00000105583",12.1874681684685
"ENSG00000105607",12.3531203234254
"ENSG00000105609",11.0988620550759
"ENSG00000105612",11.9793284467451
"ENSG00000105617",10.2570736359544
"ENSG00000105618",12.194763734159
"ENSG00000105619",10.0311922285381
"ENSG00000105639",9.55227136522722
"ENSG00000105640",14.4534708487579
"ENSG00000105643",12.8007966392101
"ENSG00000105649",10.9255304521903
"ENSG00000105650",10.5914926750249
"ENSG00000105655",11.4122096188844
"ENSG00000105656",10.4523299273533
"ENSG00000105662",10.0474024557193
"ENSG00000105663",6.6510495197054
"ENSG00000105664",7.42156767358263
"ENSG00000105669",11.7851737997199
"ENSG00000105671",11.3218098931818
"ENSG00000105676",11.2812631015215
"ENSG00000105677",13.1865536232456
"ENSG00000105696",9.38376564087025
"ENSG00000105698",14.1224856596018
"ENSG00000105699",9.83971108372929
"ENSG00000105700",13.0117029838645
"ENSG00000105701",13.7466016793378
"ENSG00000105705",11.8091393847107
"ENSG00000105707",9.16349952064219
"ENSG00000105708",10.8256815238252
"ENSG00000105711",12.5308129372911
"ENSG00000105717",4.14854917917621
"ENSG00000105722",11.1372338659484
"ENSG00000105723",12.8031852077042
"ENSG00000105726",11.5664016940621
"ENSG00000105732",9.64040227550589
"ENSG00000105737",9.03932010942146
"ENSG00000105738",11.218222706983
"ENSG00000105750",9.38376564087025
"ENSG00000105755",11.0189138987596
"ENSG00000105767",11.0189138987596
"ENSG00000105771",10.8900161655774
"ENSG00000105778",12.4477571975635
"ENSG00000105784",9.70313803085385
"ENSG00000105792",10.2002112989987
"ENSG00000105793",12.0002982205923
"ENSG00000105808",6.26402639659615
"ENSG00000105810",12.5422971375614
"ENSG00000105819",14.0204544168354
"ENSG00000105821",12.0851871181788
"ENSG00000105825",8.90343668133968
"ENSG00000105829",11.4431699280678
"ENSG00000105835",15.9393049292945
"ENSG00000105849",12.4324092332301
"ENSG00000105851",9.03932010942146
"ENSG00000105852",8.49432401601794
"ENSG00000105854",13.8168432582362
"ENSG00000105855",10.5465802531494
"ENSG00000105856",13.843777470672
"ENSG00000105865",10.8719257085945
"ENSG00000105866",11.2605542046893
"ENSG00000105875",11.5720153005256
"ENSG00000105877",6.47047727406358
"ENSG00000105879",12.1838065039625
"ENSG00000105887",14.8475431661202
"ENSG00000105889",5.73351167989737
"ENSG00000105894",13.0783007325935
"ENSG00000105926",9.19294329853467
"ENSG00000105928",10.7972063552148
"ENSG00000105939",12.049415987157
"ENSG00000105948",10.0792865167391
"ENSG00000105953",16.7255845485025
"ENSG00000105963",7.20744286822978
"ENSG00000105967",10.476476014685
"ENSG00000105968",15.2027012416345
"ENSG00000105971",15.8107724844941
"ENSG00000105974",17.0040016889203
"ENSG00000105976",12.7347634761068
"ENSG00000105982",6.02301829709235
"ENSG00000105983",13.370136300441
"ENSG00000105988",5.37094160051266
"ENSG00000105989",7.08714863451207
"ENSG00000105993",14.6566740688993
"ENSG00000105997",6.02301829709235
"ENSG00000106003",9.22179816120685
"ENSG00000106004",5.73351167989737
"ENSG00000106009",10.9078825863709
"ENSG00000106012",11.1220073917237
"ENSG00000106013",6.02301829709235
"ENSG00000106018",12.2483352988767
"ENSG00000106025",14.1367604631415
"ENSG00000106028",13.5741147843415
"ENSG00000106034",13.4846837665619
"ENSG00000106049",14.3510811781518
"ENSG00000106052",15.2331361419106
"ENSG00000106066",14.2355699505469
"ENSG00000106069",12.5508506905276
"ENSG00000106070",13.2173274571616
"ENSG00000106077",11.1746114757624
"ENSG00000106078",13.8144772141784
"ENSG00000106080",12.3661030435763
"ENSG00000106086",10.8536055253877
"ENSG00000106089",7.77304004408401
"ENSG00000106100",12.1579112823799
"ENSG00000106105",13.3276288957616
"ENSG00000106113",9.59700967999251
"ENSG00000106123",9.25008720563828
"ENSG00000106125",7.08714863451207
"ENSG00000106133",10.7284936051307
"ENSG00000106144",11.4246735844505
"ENSG00000106153",14.8687934374638
"ENSG00000106178",4.14854917917621
"ENSG00000106211",15.8859373760035
"ENSG00000106236",11.1597764345995
"ENSG00000106244",13.8402926983475
"ENSG00000106245",12.0002982205923
"ENSG00000106246",8.83037321914996
"ENSG00000106258",4.14854917917621
"ENSG00000106261",13.6195469129074
"ENSG00000106263",13.9062169771335
"ENSG00000106266",11.3996370335131
"ENSG00000106268",9.22179816120685
"ENSG00000106278",8.58595449148351
"ENSG00000106290",12.1690661965167
"ENSG00000106299",13.166285543473
"ENSG00000106302",5.37094160051266
"ENSG00000106305",12.5279275462475
"ENSG00000106327",5.73351167989737
"ENSG00000106330",9.91231483268614
"ENSG00000106333",11.9665987020301
"ENSG00000106336",6.47047727406358
"ENSG00000106344",13.697371087635
"ENSG00000106346",10.9342740852623
"ENSG00000106348",12.316803427634
"ENSG00000106351",11.0352618928471
"ENSG00000106355",12.5192365859834
"ENSG00000106366",15.5707891892048
"ENSG00000106367",11.5322534716503
"ENSG00000106392",12.5075665927988
"ENSG00000106397",12.5983856410323
"ENSG00000106399",11.7410062164443
"ENSG00000106400",12.2200115417328
"ENSG00000106404",9.70313803085385
"ENSG00000106415",10.2846858671622
"ENSG00000106443",11.9877529672732
"ENSG00000106459",11.4734797622251
"ENSG00000106460",13.7966071049296
"ENSG00000106462",9.43395139803846
"ENSG00000106477",10.5119539100397
"ENSG00000106479",11.5997602910085
"ENSG00000106483",8.29150713301826
"ENSG00000106484",10.3117795280445
"ENSG00000106511",11.2395437113968
"ENSG00000106524",13.0342455525156
"ENSG00000106526",7.84898889731731
"ENSG00000106536",4.88551477334242
"ENSG00000106537",13.1773761429276
"ENSG00000106538",10.5692112276489
"ENSG00000106546",13.0504217000181
"ENSG00000106554",14.6232691257027
"ENSG00000106560",10.1258291026761
"ENSG00000106565",13.6909362195142
"ENSG00000106571",9.89450355656967
"ENSG00000106588",10.7972063552148
"ENSG00000106591",13.5243126732941
"ENSG00000106603",13.8180248267223
"ENSG00000106605",12.7372638147585
"ENSG00000106608",12.5365664645213
"ENSG00000106609",13.7699905924289
"ENSG00000106610",11.7310048242868
"ENSG00000106615",14.6225930736562
"ENSG00000106617",14.5568789199436
"ENSG00000106624",12.9483704285484
"ENSG00000106628",13.0564412986298
"ENSG00000106631",17.0036122975438
"ENSG00000106633",7.98985143315716
"ENSG00000106635",13.374961371965
"ENSG00000106636",13.4787191274057
"ENSG00000106638",11.196581875598
"ENSG00000106665",11.0674124164508
"ENSG00000106682",15.0571919855122
"ENSG00000106683",10.7484620213633
"ENSG00000106686",8.58595449148351
"ENSG00000106688",11.3416638079904
"ENSG00000106692",12.9200386486768
"ENSG00000106701",11.3933094135411
"ENSG00000106714",9.64040227550589
"ENSG00000106723",14.058942070691
"ENSG00000106733",11.6799306396925
"ENSG00000106771",15.5004086229474
"ENSG00000106772",10.806760661928
"ENSG00000106780",12.3948939222571
"ENSG00000106785",11.0352618928471
"ENSG00000106789",7.98985143315716
"ENSG00000106799",12.8103272769482
"ENSG00000106803",12.1983977286268
"ENSG00000106804",10.2570736359544
"ENSG00000106809",11.6323649564405
"ENSG00000106819",12.2306982205301
"ENSG00000106823",11.9145258600015
"ENSG00000106829",11.5997602910085
"ENSG00000106852",11.3016789380755
"ENSG00000106853",12.8978599637622
"ENSG00000106868",10.5692112276489
"ENSG00000106948",10.698012998676
"ENSG00000106952",8.3964766926198
"ENSG00000106976",10.2846858671622
"ENSG00000106991",15.6318611341756
"ENSG00000106992",12.296602000141
"ENSG00000106993",14.1833481417535
"ENSG00000107014",6.95590410123382
"ENSG00000107018",5.37094160051266
"ENSG00000107020",12.1874681684685
"ENSG00000107021",12.4629436013782
"ENSG00000107036",12.8730630322962
"ENSG00000107077",12.3853606604256
"ENSG00000107099",11.3741583131962
"ENSG00000107104",15.0546881753716
"ENSG00000107130",10.1104811383427
"ENSG00000107140",11.3869539185013
"ENSG00000107147",8.83037321914996
"ENSG00000107164",13.2315852141276
"ENSG00000107165",13.7076075477219
"ENSG00000107175",12.3789699742686
"ENSG00000107185",13.4515688115135
"ENSG00000107186",14.8183200677017
"ENSG00000107201",10.8900161655774
"ENSG00000107223",14.05694179995
"ENSG00000107242",13.6316931543138
"ENSG00000107249",9.72345801523345
"ENSG00000107262",14.1080682007658
"ENSG00000107263",13.9194883167835
"ENSG00000107281",12.6655623494043
"ENSG00000107282",10.4883991820608
"ENSG00000107290",14.4783455173969
"ENSG00000107295",11.218222706983
"ENSG00000107317",15.9608602099576
"ENSG00000107331",12.5873410317545
"ENSG00000107338",10.1709169922047
"ENSG00000107341",13.4331805216958
"ENSG00000107362",11.0023785310333
"ENSG00000107371",10.1258291026761
"ENSG00000107372",15.8876265498223
"ENSG00000107404",12.3885454189836
"ENSG00000107438",15.5964933560833
"ENSG00000107443",10.6457357198089
"ENSG00000107485",8.17829652257027
"ENSG00000107518",9.87646963373941
"ENSG00000107521",12.6310210392116
"ENSG00000107537",14.621240018419
"ENSG00000107551",14.3180566737307
"ENSG00000107554",12.1541737283701
"ENSG00000107560",12.492845087092
"ENSG00000107562",15.9379469707597
"ENSG00000107566",12.1616391786167
"ENSG00000107581",15.4687856244179
"ENSG00000107611",8.79240536895094
"ENSG00000107614",10.9078825863709
"ENSG00000107623",6.26402639659615
"ENSG00000107625",12.8593556128756
"ENSG00000107643",12.5678071447733
"ENSG00000107651",12.6967288908557
"ENSG00000107669",13.3555634993537
"ENSG00000107672",12.5678071447733
"ENSG00000107679",13.7037773816469
"ENSG00000107719",11.0753393322224
"ENSG00000107731",11.2535846498745
"ENSG00000107736",11.0189138987596
"ENSG00000107738",13.3276288957616
"ENSG00000107742",12.5365664645213
"ENSG00000107745",13.4994883607226
"ENSG00000107758",14.2851131424625
"ENSG00000107771",15.3875509369418
"ENSG00000107779",13.3474034377752
"ENSG00000107789",10.7972063552148
"ENSG00000107796",16.1552258944852
"ENSG00000107798",13.3813698002296
"ENSG00000107807",4.88551477334242
"ENSG00000107815",10.6563438193749
"ENSG00000107816",12.4231214648377
"ENSG00000107819",12.8455167054105
"ENSG00000107821",10.2002112989987
"ENSG00000107829",13.4921050537129
"ENSG00000107833",10.2982962986809
"ENSG00000107854",13.408292442867
"ENSG00000107859",5.37094160051266
"ENSG00000107862",13.9521421824376
"ENSG00000107863",14.4211789641526
"ENSG00000107864",11.3612482043088
"ENSG00000107872",8.97297761459276
"ENSG00000107874",13.2579445656765
"ENSG00000107882",10.7972063552148
"ENSG00000107890",12.6550220647787
"ENSG00000107897",14.2505248501254
"ENSG00000107902",10.1856384979114
"ENSG00000107929",13.9337291579505
"ENSG00000107937",13.2368957540168
"ENSG00000107938",12.1874681684685
"ENSG00000107949",13.4347218626981
"ENSG00000107951",12.1616391786167
"ENSG00000107954",4.88551477334242
"ENSG00000107957",13.9861771123476
"ENSG00000107959",13.9914232819136
"ENSG00000107960",11.9919468511593
"ENSG00000107968",12.6093463398377
"ENSG00000107984",6.95590410123382
"ENSG00000108001",12.0534346388944
"ENSG00000108010",13.548717051922
"ENSG00000108018",9.78275519891722
"ENSG00000108021",13.6450701165487
"ENSG00000108039",13.6609604474453
"ENSG00000108055",13.0959426037439
"ENSG00000108061",13.2083442709713
"ENSG00000108064",12.7196697547437
"ENSG00000108091",12.5845666173593
"ENSG00000108094",12.9612613114033
"ENSG00000108100",14.437415253342
"ENSG00000108106",10.1856384979114
"ENSG00000108107",14.26965094579
"ENSG00000108175",14.141487515342
"ENSG00000108176",10.4644534864358
"ENSG00000108179",14.621240018419
"ENSG00000108187",10.2289225956402
"ENSG00000108219",14.1128900469686
"ENSG00000108231",4.14854917917621
"ENSG00000108239",11.8832587994021
"ENSG00000108256",13.944588788006
"ENSG00000108262",12.6603018329436
"ENSG00000108264",11.4431699280678
"ENSG00000108270",12.0614385154062
"ENSG00000108272",10.898977033149
"ENSG00000108278",11.8138850963614
"ENSG00000108292",14.7860797307015
"ENSG00000108294",13.6072975418022
"ENSG00000108296",11.9793284467451
"ENSG00000108298",16.4447962546679
"ENSG00000108306",10.476476014685
"ENSG00000108309",5.37094160051266
"ENSG00000108312",13.280406139785
"ENSG00000108344",13.4994883607226
"ENSG00000108349",13.851876020636
"ENSG00000108352",10.2982962986809
"ENSG00000108370",5.37094160051266
"ENSG00000108375",9.96446611473724
"ENSG00000108379",7.51778298884193
"ENSG00000108381",9.52937096311715
"ENSG00000108384",12.2863942096246
"ENSG00000108387",13.1956730912902
"ENSG00000108389",13.1248746236199
"ENSG00000108395",12.7693799278522
"ENSG00000108405",6.81151419189864
"ENSG00000108406",12.9526802003595
"ENSG00000108423",10.390135165746
"ENSG00000108424",14.756187728167
"ENSG00000108433",12.3757639839695
"ENSG00000108439",11.7056937357576
"ENSG00000108443",12.6812297798441
"ENSG00000108448",11.6589837012476
"ENSG00000108465",13.3669105974965
"ENSG00000108468",13.2923575279977
"ENSG00000108469",11.0433669424842
"ENSG00000108474",10.0634325655383
"ENSG00000108479",10.4277728231093
"ENSG00000108506",11.9623303703932
"ENSG00000108509",12.9719164192224
"ENSG00000108510",13.7626455021081
"ENSG00000108511",6.81151419189864
"ENSG00000108515",15.6442376804049
"ENSG00000108518",14.790299903074
"ENSG00000108523",13.5671045905637
"ENSG00000108528",14.5618245003431
"ENSG00000108551",11.5607661593927
"ENSG00000108556",9.00653017430379
"ENSG00000108557",11.0106699046647
"ENSG00000108559",12.5221393938861
"ENSG00000108561",13.6410700353146
"ENSG00000108576",5.73351167989737
"ENSG00000108578",12.3821688559359
"ENSG00000108582",14.0018587345799
"ENSG00000108587",12.944047743544
"ENSG00000108588",14.5932190064992
"ENSG00000108590",10.7385123609557
"ENSG00000108591",12.2271447826723
"ENSG00000108592",13.1513641947833
"ENSG00000108599",12.1046832938046
"ENSG00000108604",12.4538509554762
"ENSG00000108622",13.7428737831011
"ENSG00000108639",13.9006510171398
"ENSG00000108641",10.2846858671622
"ENSG00000108651",12.6786303286168
"ENSG00000108654",17.2054690840294
"ENSG00000108666",11.8741994601146
"ENSG00000108669",13.3988475970825
"ENSG00000108671",13.9935164198083
"ENSG00000108679",16.2172155118626
"ENSG00000108691",12.7171387101632
"ENSG00000108700",7.42156767358263
"ENSG00000108733",11.3284582691911
"ENSG00000108771",10.0147977902874
"ENSG00000108773",13.2562021801496
"ENSG00000108774",12.2999886097733
"ENSG00000108784",11.0910636845155
"ENSG00000108786",7.69286969540002
"ENSG00000108788",13.8286156209132
"ENSG00000108797",10.898977033149
"ENSG00000108798",10.2570736359544
"ENSG00000108799",14.0837142287799
"ENSG00000108819",12.0534346388944
"ENSG00000108821",13.1956730912902
"ENSG00000108823",12.9740380299591
"ENSG00000108826",13.2974493981336
"ENSG00000108828",14.0367850621326
"ENSG00000108829",13.1191344501021
"ENSG00000108830",9.03932010942146
"ENSG00000108840",13.9380828241466
"ENSG00000108846",7.08714863451207
"ENSG00000108848",14.9481006398537
"ENSG00000108852",12.1239195126675
"ENSG00000108854",12.4262240360139
"ENSG00000108861",16.4611485580388
"ENSG00000108883",13.5155998433445
"ENSG00000108924",11.8650828734376
"ENSG00000108932",8.3964766926198
"ENSG00000108946",17.5550642367979
"ENSG00000108947",8.58595449148351
"ENSG00000108950",11.1819721807137
"ENSG00000108953",16.3322879314832
"ENSG00000108958",8.29150713301826
"ENSG00000108960",12.2128428559724
"ENSG00000108961",11.8091393847107
"ENSG00000108963",11.0988620550759
"ENSG00000108984",9.00653017430379
"ENSG00000109016",11.509030514833
"ENSG00000109046",15.9346826457146
"ENSG00000109047",4.88551477334242
"ENSG00000109062",10.6025056677474
"ENSG00000109063",8.93862610980198
"ENSG00000109065",12.0044558460659
"ENSG00000109066",10.6457357198089
"ENSG00000109072",11.8280292786817
"ENSG00000109079",14.0876385971729
"ENSG00000109083",11.2395437113968
"ENSG00000109084",9.85820742734668
"ENSG00000109089",11.2535846498745
"ENSG00000109099",15.3986501704602
"ENSG00000109103",11.4492830517945
"ENSG00000109107",15.1826603252728
"ENSG00000109111",14.037799615649
"ENSG00000109113",11.4734797622251
"ENSG00000109118",11.8186152482738
"ENSG00000109133",12.7546458929867
"ENSG00000109158",13.0423562979308
"ENSG00000109171",14.2123936281808
"ENSG00000109180",14.621240018419
"ENSG00000109184",13.1210503800529
"ENSG00000109189",13.8192054282947
"ENSG00000109220",10.0949681389714
"ENSG00000109265",4.14854917917621
"ENSG00000109270",13.5796985166756
"ENSG00000109320",12.4106440245464
"ENSG00000109323",12.2483352988767
"ENSG00000109332",15.7786645932779
"ENSG00000109339",9.40907672939943
"ENSG00000109381",12.7742580222407
"ENSG00000109390",14.2114947527369
"ENSG00000109436",12.9992569393916
"ENSG00000109445",14.7092004539684
"ENSG00000109452",13.4331805216958
"ENSG00000109458",14.3313573272318
"ENSG00000109466",12.0127353238305
"ENSG00000109472",14.2470199712905
"ENSG00000109475",15.5968375925538
"ENSG00000109501",13.1644287928424
"ENSG00000109519",13.368524350507
"ENSG00000109534",10.7875883526532
"ENSG00000109536",12.3367258851747
"ENSG00000109572",14.9567089520446
"ENSG00000109576",9.94729097092911
"ENSG00000109586",11.7996008703551
"ENSG00000109606",14.5362075405138
"ENSG00000109610",12.1277361684408
"ENSG00000109618",11.8280292786817
"ENSG00000109654",13.1152949400757
"ENSG00000109667",9.5061011837943
"ENSG00000109670",15.227811719293
"ENSG00000109680",11.0753393322224
"ENSG00000109685",13.3042107229445
"ENSG00000109686",15.1688346800209
"ENSG00000109689",11.8138850963614
"ENSG00000109736",11.2949057094801
"ENSG00000109738",12.194763734159
"ENSG00000109743",10.1104811383427
"ENSG00000109756",14.2417466359978
"ENSG00000109762",12.0168573124657
"ENSG00000109771",10.1104811383427
"ENSG00000109775",12.9761565252603
"ENSG00000109787",13.6113922324626
"ENSG00000109790",12.0453861101208
"ENSG00000109794",10.2430667779605
"ENSG00000109805",7.42156767358263
"ENSG00000109814",11.4553703816734
"ENSG00000109819",14.6847963948643
"ENSG00000109846",18.54860583841
"ENSG00000109854",12.0453861101208
"ENSG00000109861",13.7466016793378
"ENSG00000109881",8.79240536895094
"ENSG00000109906",12.9266263087116
"ENSG00000109911",11.4184550617153
"ENSG00000109917",12.5163279256415
"ENSG00000109919",14.187925223768
"ENSG00000109920",14.0204544168354
"ENSG00000109927",9.458404441763
"ENSG00000109929",12.87533499346
"ENSG00000109943",4.88551477334242
"ENSG00000109944",8.62967586891283
"ENSG00000109956",4.14854917917621
"ENSG00000109971",17.7125001340575
"ENSG00000109991",9.48244991572965
"ENSG00000110002",10.7184047875072
"ENSG00000110011",11.6269817597436
"ENSG00000110013",14.3412529593358
"ENSG00000110025",7.51778298884193
"ENSG00000110031",10.6457357198089
"ENSG00000110042",8.86736742663216
"ENSG00000110046",11.4794660572908
"ENSG00000110047",12.3661030435763
"ENSG00000110048",13.5228641841756
"ENSG00000110057",9.78275519891722
"ENSG00000110060",10.7583435328773
"ENSG00000110063",10.9078825863709
"ENSG00000110066",13.1699918911528
"ENSG00000110074",12.2657593638206
"ENSG00000110075",14.2240283286642
"ENSG00000110076",7.20744286822978
"ENSG00000110077",13.7736491616953
"ENSG00000110079",13.642404628417
"ENSG00000110080",12.5250363728533
"ENSG00000110090",14.4731047927517
"ENSG00000110092",14.2033795717344
"ENSG00000110104",11.0674124164508
"ENSG00000110107",13.370136300441
"ENSG00000110108",13.8690784705657
"ENSG00000110169",7.42156767358263
"ENSG00000110171",11.4308654181647
"ENSG00000110172",12.9888025817544
"ENSG00000110195",4.14854917917621
"ENSG00000110200",12.1008050789937
"ENSG00000110218",12.0002982205923
"ENSG00000110237",14.1253519420828
"ENSG00000110274",11.4370307909704
"ENSG00000110315",13.4254490185142
"ENSG00000110318",10.476476014685
"ENSG00000110321",17.4483772704916
"ENSG00000110324",12.0002982205923
"ENSG00000110328",12.7221963666695
"ENSG00000110330",13.4636987414325
"ENSG00000110344",14.1897519983596
"ENSG00000110367",14.0018587345799
"ENSG00000110395",12.1429026160351
"ENSG00000110400",10.8162521109053
"ENSG00000110422",15.9493142918735
"ENSG00000110427",5.73351167989737
"ENSG00000110429",14.2995657180685
"ENSG00000110435",14.4427869964025
"ENSG00000110436",10.4401036250201
"ENSG00000110442",12.5336925690672
"ENSG00000110446",11.3482215240126
"ENSG00000110448",2.56358667845506
"ENSG00000110455",11.5380012682606
"ENSG00000110492",9.55227136522722
"ENSG00000110497",12.1085511112443
"ENSG00000110514",13.7114275721274
"ENSG00000110536",10.3383737380562
"ENSG00000110583",12.9505269237794
"ENSG00000110619",12.2306982205301
"ENSG00000110628",10.0634325655383
"ENSG00000110651",15.7934569507423
"ENSG00000110660",7.77304004408401
"ENSG00000110665",11.6954436390638
"ENSG00000110675",7.98985143315716
"ENSG00000110680",4.14854917917621
"ENSG00000110693",11.9364517385676
"ENSG00000110696",14.9114848230511
"ENSG00000110697",12.0168573124657
"ENSG00000110700",15.8802924698841
"ENSG00000110711",12.4293199493068
"ENSG00000110713",13.8262688208172
"ENSG00000110717",13.5908015636149
"ENSG00000110719",11.0753393322224
"ENSG00000110721",12.0002982205923
"ENSG00000110723",6.26402639659615
"ENSG00000110756",12.4385680261088
"ENSG00000110768",12.5593538293329
"ENSG00000110777",5.37094160051266
"ENSG00000110786",11.7410062164443
"ENSG00000110799",17.3433573230395
"ENSG00000110801",9.70313803085385
"ENSG00000110811",12.0654238633574
"ENSG00000110841",15.5630582509877
"ENSG00000110844",12.5983856410323
"ENSG00000110848",8.05543977478473
"ENSG00000110851",12.2898048377873
"ENSG00000110852",11.3350761479557
"ENSG00000110871",13.1017756105075
"ENSG00000110876",10.3514892378465
"ENSG00000110880",14.1906645189725
"ENSG00000110881",8.58595449148351
"ENSG00000110888",13.6986546242329
"ENSG00000110900",9.43395139803846
"ENSG00000110906",14.02353052683
"ENSG00000110911",13.064428558012
"ENSG00000110917",15.399834325143
"ENSG00000110921",10.1856384979114
"ENSG00000110925",12.7620317199074
"ENSG00000110931",12.652374917172
"ENSG00000110934",9.72345801523345
"ENSG00000110944",2.56358667845506
"ENSG00000110955",18.3831919997051
"ENSG00000110958",14.8277360181784
"ENSG00000110987",11.4734797622251
"ENSG00000111011",13.9348188068247
"ENSG00000111012",4.88551477334242
"ENSG00000111052",13.1095164475405
"ENSG00000111057",9.10274548956309
"ENSG00000111058",13.2769731933921
"ENSG00000111077",14.7733446350365
"ENSG00000111087",7.60798079781351
"ENSG00000111110",10.5465802531494
"ENSG00000111142",14.1433740079821
"ENSG00000111144",13.8872044417466
"ENSG00000111145",13.6583241835032
"ENSG00000111181",6.02301829709235
"ENSG00000111186",9.57481393387831
"ENSG00000111196",10.8256815238252
"ENSG00000111199",6.6510495197054
"ENSG00000111203",11.3996370335131
"ENSG00000111206",6.6510495197054
"ENSG00000111215",8.79240536895094
"ENSG00000111224",10.7779057992558
"ENSG00000111229",14.0886180235791
"ENSG00000111231",12.6337076229319
"ENSG00000111237",13.9194883167835
"ENSG00000111245",19.09607958508
"ENSG00000111247",8.29150713301826
"ENSG00000111252",13.9348188068247
"ENSG00000111254",8.1181755301327
"ENSG00000111261",12.1046832938046
"ENSG00000111266",11.9407972088436
"ENSG00000111269",13.2226906419287
"ENSG00000111271",12.6066139620496
"ENSG00000111275",15.0380531425877
"ENSG00000111276",12.7960076056311
"ENSG00000111300",12.8707874875959
"ENSG00000111319",6.26402639659615
"ENSG00000111321",12.5790017308417
"ENSG00000111325",5.37094160051266
"ENSG00000111328",12.3465848873755
"ENSG00000111331",11.6694951870262
"ENSG00000111335",11.6215784012142
"ENSG00000111339",10.9078825863709
"ENSG00000111341",15.6305167473192
"ENSG00000111348",14.2231366753349
"ENSG00000111358",11.9233362387774
"ENSG00000111361",13.0604404558431
"ENSG00000111364",11.218222706983
"ENSG00000111371",16.7479196693639
"ENSG00000111404",9.78275519891722
"ENSG00000111405",7.08714863451207
"ENSG00000111412",11.2674902518997
"ENSG00000111424",8.62967586891283
"ENSG00000111432",5.37094160051266
"ENSG00000111445",10.6877079902842
"ENSG00000111450",12.6967288908557
"ENSG00000111452",13.368524350507
"ENSG00000111481",14.3247223282837
"ENSG00000111490",8.62967586891283
"ENSG00000111530",13.4004260382038
"ENSG00000111540",13.0054933829973
"ENSG00000111554",10.9856514446279
"ENSG00000111581",12.570613945349
"ENSG00000111596",13.2083442709713
"ENSG00000111602",10.0474024557193
"ENSG00000111605",13.4454653860555
"ENSG00000111615",13.1956730912902
"ENSG00000111639",14.1367604631415
"ENSG00000111640",18.2449623681716
"ENSG00000111641",11.9407972088436
"ENSG00000111642",14.9995173301587
"ENSG00000111644",7.92113868307314
"ENSG00000111647",12.6812297798441
"ENSG00000111652",13.8025884362206
"ENSG00000111653",11.725978007212
"ENSG00000111664",10.6350490410117
"ENSG00000111665",7.42156767358263
"ENSG00000111666",14.8824118988548
"ENSG00000111667",13.0504217000181
"ENSG00000111669",16.7513253569694
"ENSG00000111670",13.8495667843833
"ENSG00000111671",9.13344228678601
"ENSG00000111674",13.3424851544634
"ENSG00000111676",13.7177718877204
"ENSG00000111678",13.1494881281458
"ENSG00000111679",10.1410155064908
"ENSG00000111684",13.7833602293479
"ENSG00000111696",10.4883991820608
"ENSG00000111707",12.9867025886022
"ENSG00000111711",13.0013387507787
"ENSG00000111713",4.88551477334242
"ENSG00000111716",18.0282919536563
"ENSG00000111725",12.1239195126675
"ENSG00000111726",13.3292871661062
"ENSG00000111727",12.1874681684685
"ENSG00000111728",7.20744286822978
"ENSG00000111729",8.05543977478473
"ENSG00000111731",13.4965395706498
"ENSG00000111737",12.5956324053859
"ENSG00000111752",12.1277361684408
"ENSG00000111775",12.2588149699508
"ENSG00000111783",4.88551477334242
"ENSG00000111785",12.6708037540464
"ENSG00000111786",12.8338820049271
"ENSG00000111788",9.98143919334096
"ENSG00000111790",13.4004260382038
"ENSG00000111796",7.20744286822978
"ENSG00000111799",13.4697256746504
"ENSG00000111801",11.4059370218689
"ENSG00000111802",12.7044164492281
"ENSG00000111816",11.7608033715651
"ENSG00000111817",12.4898826732362
"ENSG00000111832",14.0347538121794
"ENSG00000111834",7.42156767358263
"ENSG00000111837",4.14854917917621
"ENSG00000111843",14.3729528862711
"ENSG00000111845",11.4122096188844
"ENSG00000111846",12.9782719142623
"ENSG00000111850",11.3741583131962
"ENSG00000111859",15.1986245496383
"ENSG00000111860",12.1690661965167
"ENSG00000111863",4.14854917917621
"ENSG00000111875",12.1391259252896
"ENSG00000111877",10.5235886105231
"ENSG00000111879",9.57481393387831
"ENSG00000111880",11.8327133576045
"ENSG00000111885",14.1291648152394
"ENSG00000111886",7.69286969540002
"ENSG00000111897",16.1563940686712
"ENSG00000111906",13.7228273288667
"ENSG00000111907",13.0743508463729
"ENSG00000111911",13.4424039630693
"ENSG00000111912",12.1911205629278
"ENSG00000111913",10.8900161655774
"ENSG00000111961",13.9872278735309
"ENSG00000111962",10.390135165746
"ENSG00000111981",7.92113868307314
"ENSG00000112029",9.00653017430379
"ENSG00000112031",12.7815443763192
"ENSG00000112033",11.7459810318596
"ENSG00000112039",9.38376564087025
"ENSG00000112053",4.14854917917621
"ENSG00000112062",13.7366391362292
"ENSG00000112077",8.62967586891283
"ENSG00000112078",14.2213517137204
"ENSG00000112079",13.503900275601
"ENSG00000112081",15.5421183981644
"ENSG00000112096",17.0913691008303
"ENSG00000112110",13.0383066249815
"ENSG00000112118",13.2029273871073
"ENSG00000112130",11.5494286154584
"ENSG00000112137",12.8268558788277
"ENSG00000112139",9.59700967999251
"ENSG00000112144",11.6483950662594
"ENSG00000112146",13.5082987394985
"ENSG00000112149",9.3050536648562
"ENSG00000112159",13.8995352436574
"ENSG00000112164",9.52937096311715
"ENSG00000112167",11.0106699046647
"ENSG00000112175",11.7509387516556
"ENSG00000112182",9.48244991572965
"ENSG00000112183",16.2933136235644
"ENSG00000112186",15.2476777849842
"ENSG00000112195",5.73351167989737
"ENSG00000112200",12.9505269237794
"ENSG00000112208",12.956977135899
"ENSG00000112210",11.1372338659484
"ENSG00000112214",11.0106699046647
"ENSG00000112218",8.23601202042655
"ENSG00000112234",12.316803427634
"ENSG00000112237",12.8524527526209
"ENSG00000112242",11.725978007212
"ENSG00000112245",14.4738546342659
"ENSG00000112249",12.7693799278522
"ENSG00000112276",14.8998142679384
"ENSG00000112280",6.02301829709235
"ENSG00000112282",12.7571120389563
"ENSG00000112290",9.83971108372929
"ENSG00000112293",7.92113868307314
"ENSG00000112294",12.7718210367948
"ENSG00000112297",10.7972063552148
"ENSG00000112299",10.3383737380562
"ENSG00000112303",10.5351302324058
"ENSG00000112304",13.287247622865
"ENSG00000112305",12.7693799278522
"ENSG00000112306",16.0467726503918
"ENSG00000112308",14.2893789499492
"ENSG00000112309",2.56358667845506
"ENSG00000112312",10.3383737380562
"ENSG00000112319",13.4515688115135
"ENSG00000112320",11.9877529672732
"ENSG00000112335",15.3942999354069
"ENSG00000112339",13.6410700353146
"ENSG00000112343",11.7509387516556
"ENSG00000112357",11.0832229312983
"ENSG00000112365",10.6134352279056
"ENSG00000112367",11.7996008703551
"ENSG00000112378",14.7848716962655
"ENSG00000112379",11.21104510491
"ENSG00000112394",10.8809992922199
"ENSG00000112406",13.7833602293479
"ENSG00000112414",11.0023785310333
"ENSG00000112419",13.5866479281904
"ENSG00000112425",13.0096360851716
"ENSG00000112473",13.8121072833935
"ENSG00000112511",13.4891411183286
"ENSG00000112514",12.6629344888583
"ENSG00000112530",11.6954436390638
"ENSG00000112531",16.9531508015094
"ENSG00000112541",12.6310210392116
"ENSG00000112559",6.26402639659615
"ENSG00000112561",10.9856514446279
"ENSG00000112562",12.3693305506067
"ENSG00000112576",13.0096360851716
"ENSG00000112578",10.8536055253877
"ENSG00000112584",12.7863815813232
"ENSG00000112592",10.8162521109053
"ENSG00000112599",6.95590410123382
"ENSG00000112619",7.77304004408401
"ENSG00000112624",12.146669445958
"ENSG00000112640",13.0763271412586
"ENSG00000112651",12.2413063200961
"ENSG00000112655",9.68252775117857
"ENSG00000112658",14.7512480441942
"ENSG00000112659",11.8787362407114
"ENSG00000112667",10.7082449212869
"ENSG00000112679",13.4515688115135
"ENSG00000112685",12.5075665927988
"ENSG00000112695",15.1623370880268
"ENSG00000112697",15.0581922941263
"ENSG00000112699",10.0792865167391
"ENSG00000112701",13.9106543356209
"ENSG00000112715",16.0630588910166
"ENSG00000112739",14.124397147183
"ENSG00000112742",7.08714863451207
"ENSG00000112759",14.2765435001526
"ENSG00000112763",12.8662256022426
"ENSG00000112769",14.0895967855168
"ENSG00000112773",14.1367604631415
"ENSG00000112782",15.4360691865618
"ENSG00000112787",12.1124085869138
"ENSG00000112796",11.225364776227
"ENSG00000112799",9.3050536648562
"ENSG00000112837",10.7681578227043
"ENSG00000112851",13.5458672830133
"ENSG00000112852",8.34494639197972
"ENSG00000112855",12.9845995342343
"ENSG00000112874",12.2483352988767
"ENSG00000112877",7.31847418061853
"ENSG00000112893",12.657664364127
"ENSG00000112902",12.8798682102013
"ENSG00000112936",17.4050036043103
"ENSG00000112941",12.0614385154062
"ENSG00000112964",12.4447006391302
"ENSG00000112972",13.2527110833683
"ENSG00000112977",12.6202243935683
"ENSG00000112981",9.00653017430379
"ENSG00000112983",13.0301730161743
"ENSG00000112984",8.49432401601794
"ENSG00000112992",16.3524069503818
"ENSG00000112996",13.4362615587257
"ENSG00000113013",16.2704064247889
"ENSG00000113048",14.0539361841943
"ENSG00000113068",13.9337291579505
"ENSG00000113070",14.8986978468799
"ENSG00000113073",6.02301829709235
"ENSG00000113083",11.5997602910085
"ENSG00000113088",6.26402639659615
"ENSG00000113108",12.1124085869138
"ENSG00000113119",10.6025056677474
"ENSG00000113140",16.8339550139624
"ENSG00000113141",14.0101530875211
"ENSG00000113161",11.9961285788433
"ENSG00000113163",13.6168338043675
"ENSG00000113194",13.0240425747647
"ENSG00000113196",11.3016789380755
"ENSG00000113205",7.20744286822978
"ENSG00000113209",9.38376564087025
"ENSG00000113211",7.42156767358263
"ENSG00000113212",8.54086660195497
"ENSG00000113231",8.3964766926198
"ENSG00000113240",12.9200386486768
"ENSG00000113248",9.66161876141559
"ENSG00000113263",8.17829652257027
"ENSG00000113269",13.5155998433445
"ENSG00000113272",10.7284936051307
"ENSG00000113273",12.1579112823799
"ENSG00000113282",13.9139734207679
"ENSG00000113296",14.4902533078023
"ENSG00000113300",12.4568882093156
"ENSG00000113303",5.73351167989737
"ENSG00000113312",13.6766776618974
"ENSG00000113318",11.0023785310333
"ENSG00000113319",12.1429026160351
"ENSG00000113328",14.0101530875211
"ENSG00000113356",8.3964766926198
"ENSG00000113360",12.5817868572683
"ENSG00000113361",10.1104811383427
"ENSG00000113368",8.83037321914996
"ENSG00000113369",13.1037147170372
"ENSG00000113384",13.287247622865
"ENSG00000113387",14.9219631587833
"ENSG00000113389",11.3933094135411
"ENSG00000113391",11.7657105022855
"ENSG00000113396",13.0383066249815
"ENSG00000113407",13.8286156209132
"ENSG00000113430",9.98143919334096
"ENSG00000113441",14.2540212348501
"ENSG00000113448",14.6938354625057
"ENSG00000113456",12.6283294432053
"ENSG00000113460",11.9877529672732
"ENSG00000113494",9.07138131865375
"ENSG00000113504",14.8141811856474
"ENSG00000113522",13.4176758583256
"ENSG00000113532",10.806760661928
"ENSG00000113552",12.8616492461741
"ENSG00000113555",12.4354919161142
"ENSG00000113558",15.4468027185073
"ENSG00000113569",12.0969164107609
"ENSG00000113575",15.1054092998792
"ENSG00000113578",13.855332959289
"ENSG00000113580",13.7540286972379
"ENSG00000113583",13.3391969592146
"ENSG00000113593",12.6497229034824
"ENSG00000113594",14.5590005306802
"ENSG00000113595",12.3234748616769
"ENSG00000113597",12.6120735524474
"ENSG00000113615",12.2377789466007
"ENSG00000113621",13.5315333842678
"ENSG00000113638",12.1653574668628
"ENSG00000113643",13.3309435325807
"ENSG00000113645",5.73351167989737
"ENSG00000113648",14.6957650593706
"ENSG00000113649",13.5671045905637
"ENSG00000113657",13.0584422629463
"ENSG00000113658",13.4906238471754
"ENSG00000113712",13.7675463816945
"ENSG00000113716",13.1792163154232
"ENSG00000113719",14.3029453858885
"ENSG00000113721",15.4108398167759
"ENSG00000113732",14.5597070414881
"ENSG00000113734",10.8350497063594
"ENSG00000113739",10.2570736359544
"ENSG00000113742",15.8479770376209
"ENSG00000113749",10.6773288445042
"ENSG00000113758",12.4538509554762
"ENSG00000113761",10.5914926750249
"ENSG00000113790",12.4012146116265
"ENSG00000113805",11.3416638079904
"ENSG00000113810",12.5134133892142
"ENSG00000113811",14.6069557924127
"ENSG00000113812",12.3661030435763
"ENSG00000113838",10.6563438193749
"ENSG00000113845",14.6925476293108
"ENSG00000113851",13.5112236164069
"ENSG00000113889",4.88551477334242
"ENSG00000113916",13.843777470672
"ENSG00000113924",4.14854917917621
"ENSG00000113966",9.94729097092911
"ENSG00000113971",12.6550220647787
"ENSG00000114013",10.6563438193749
"ENSG00000114019",12.6497229034824
"ENSG00000114021",12.9156301042505
"ENSG00000114023",14.1833481417535
"ENSG00000114026",11.4184550617153
"ENSG00000114030",14.1377071134648
"ENSG00000114054",13.7165052545917
"ENSG00000114062",14.7684634460591
"ENSG00000114098",13.642404628417
"ENSG00000114107",12.5678071447733
"ENSG00000114115",10.7681578227043
"ENSG00000114120",15.1251133025915
"ENSG00000114125",13.7165052545917
"ENSG00000114126",12.9200386486768
"ENSG00000114127",13.344126445927
"ENSG00000114166",14.1041990867046
"ENSG00000114200",9.91231483268614
"ENSG00000114204",4.14854917917621
"ENSG00000114209",12.944047743544
"ENSG00000114251",9.07138131865375
"ENSG00000114268",7.92113868307314
"ENSG00000114270",12.2761136788949
"ENSG00000114279",15.6978525476898
"ENSG00000114302",14.0748451739573
"ENSG00000114315",11.57760714877
"ENSG00000114316",13.6477306890702
"ENSG00000114331",13.1513641947833
"ENSG00000114346",10.698012998676
"ENSG00000114353",14.8936632332525
"ENSG00000114354",14.3096810621605
"ENSG00000114374",4.14854917917621
"ENSG00000114378",13.855332959289
"ENSG00000114383",12.6093463398377
"ENSG00000114388",11.5551085245308
"ENSG00000114391",15.8354873508466
"ENSG00000114395",10.0147977902874
"ENSG00000114405",9.40907672939943
"ENSG00000114416",15.1844937743404
"ENSG00000114423",14.5261212419663
"ENSG00000114439",13.6792806306521
"ENSG00000114446",12.0574421276959
"ENSG00000114450",12.7960076056311
"ENSG00000114473",10.1104811383427
"ENSG00000114480",15.2616401626186
"ENSG00000114491",10.8627946968423
"ENSG00000114503",13.7165052545917
"ENSG00000114520",12.7472220599283
"ENSG00000114529",13.2614230364174
"ENSG00000114541",12.4354919161142
"ENSG00000114544",12.9505269237794
"ENSG00000114547",9.33177100323199
"ENSG00000114554",12.9310014297019
"ENSG00000114573",12.992993419969
"ENSG00000114626",12.902323061029
"ENSG00000114631",8.29150713301826
"ENSG00000114646",6.26402639659615
"ENSG00000114648",12.1983977286268
"ENSG00000114650",12.5593538293329
"ENSG00000114654",7.77304004408401
"ENSG00000114656",5.37094160051266
"ENSG00000114670",8.86736742663216
"ENSG00000114686",13.776083063649
"ENSG00000114698",12.1239195126675
"ENSG00000114735",11.8605028853343
"ENSG00000114737",10.0792865167391
"ENSG00000114738",15.4981990066265
"ENSG00000114739",11.2812631015215
"ENSG00000114742",12.8570583272932
"ENSG00000114744",12.6734173327339
"ENSG00000114745",13.6276557588406
"ENSG00000114757",5.73351167989737
"ENSG00000114767",11.0594417053422
"ENSG00000114770",15.0471505665802
"ENSG00000114779",11.7754749730011
"ENSG00000114784",15.3035781931393
"ENSG00000114790",10.214638369634
"ENSG00000114796",14.8124037377336
"ENSG00000114805",7.60798079781351
"ENSG00000114812",10.8162521109053
"ENSG00000114841",11.5031658927698
"ENSG00000114850",15.0716290128841
"ENSG00000114853",14.4312515268358
"ENSG00000114854",18.239130288291
"ENSG00000114857",15.3911278686276
"ENSG00000114859",8.97297761459276
"ENSG00000114861",12.4293199493068
"ENSG00000114867",15.3451513056994
"ENSG00000114902",13.3941018854319
"ENSG00000114904",11.6851201957951
"ENSG00000114923",15.7738014009231
"ENSG00000114933",12.6681854320194
"ENSG00000114942",15.385161379392
"ENSG00000114948",14.8070582168514
"ENSG00000114956",11.8327133576045
"ENSG00000114978",13.8645111694314
"ENSG00000114982",13.6045612772724
"ENSG00000114988",12.6992959645595
"ENSG00000114993",11.1296407166261
"ENSG00000114999",13.4591619608357
"ENSG00000115020",13.4697256746504
"ENSG00000115041",9.3050536648562
"ENSG00000115042",12.3334245220845
"ENSG00000115053",15.7523300462041
"ENSG00000115073",13.9671313566571
"ENSG00000115084",14.2123936281808
"ENSG00000115085",6.26402639659615
"ENSG00000115091",14.7438066606252
"ENSG00000115107",11.8280292786817
"ENSG00000115109",12.3134561058519
"ENSG00000115112",8.17829652257027
"ENSG00000115128",13.2244739487576
"ENSG00000115129",11.288100531575
"ENSG00000115137",12.2898048377873
"ENSG00000115138",7.08714863451207
"ENSG00000115145",13.3092610024572
"ENSG00000115159",12.7422515294615
"ENSG00000115163",6.81151419189864
"ENSG00000115165",9.57481393387831
"ENSG00000115170",12.5649948728479
"ENSG00000115183",15.399834325143
"ENSG00000115194",11.4734797622251
"ENSG00000115204",13.0763271412586
"ENSG00000115207",12.7422515294615
"ENSG00000115211",12.776690898097
"ENSG00000115216",13.829787590954
"ENSG00000115221",9.22179816120685
"ENSG00000115226",10.2430667779605
"ENSG00000115232",10.0147977902874
"ENSG00000115233",13.2439462019688
"ENSG00000115234",13.6609604474453
"ENSG00000115239",7.98985143315716
"ENSG00000115241",13.3292871661062
"ENSG00000115252",11.9451296296396
"ENSG00000115255",8.29150713301826
"ENSG00000115257",5.37094160051266
"ENSG00000115266",4.88551477334242
"ENSG00000115267",10.8627946968423
"ENSG00000115268",14.2936321813343
"ENSG00000115271",11.6323649564405
"ENSG00000115274",10.7972063552148
"ENSG00000115275",12.0930172326012
"ENSG00000115282",12.1391259252896
"ENSG00000115286",12.956977135899
"ENSG00000115289",11.3151307375442
"ENSG00000115290",11.5264826837923
"ENSG00000115295",13.96606585067
"ENSG00000115306",17.1949342822874
"ENSG00000115307",13.8894542590305
"ENSG00000115310",14.8289087026899
"ENSG00000115317",12.0250661257412
"ENSG00000115318",10.5803949661416
"ENSG00000115325",9.80199141778014
"ENSG00000115339",6.02301829709235
"ENSG00000115350",11.9145258600015
"ENSG00000115353",6.81151419189864
"ENSG00000115355",13.56991275698
"ENSG00000115361",9.35800254480516
"ENSG00000115363",8.05543977478473
"ENSG00000115364",13.0763271412586
"ENSG00000115365",14.6055879847342
"ENSG00000115368",13.1172159723714
"ENSG00000115380",13.7797262348802
"ENSG00000115392",11.225364776227
"ENSG00000115414",16.1763400134997
"ENSG00000115415",13.6236070329629
"ENSG00000115419",14.1695291180804
"ENSG00000115421",11.8650828734376
"ENSG00000115423",5.73351167989737
"ENSG00000115425",10.390135165746
"ENSG00000115446",12.5762112173201
"ENSG00000115457",13.7626455021081
"ENSG00000115459",11.7107916033973
"ENSG00000115461",15.7305343035322
"ENSG00000115464",14.4783455173969
"ENSG00000115468",12.2200115417328
"ENSG00000115484",14.6493910587331
"ENSG00000115486",12.7095188242756
"ENSG00000115504",12.492845087092
"ENSG00000115514",12.6890001489384
"ENSG00000115520",13.0939930155541
"ENSG00000115523",7.60798079781351
"ENSG00000115524",16.2447152584761
"ENSG00000115525",11.6589837012476
"ENSG00000115526",11.0023785310333
"ENSG00000115539",11.9012085804476
"ENSG00000115540",13.1588441599041
"ENSG00000115541",12.824506212118
"ENSG00000115548",13.7833602293479
"ENSG00000115556",7.77304004408401
"ENSG00000115561",13.9945618510431
"ENSG00000115568",11.3933094135411
"ENSG00000115590",10.6134352279056
"ENSG00000115592",2.56358667845506
"ENSG00000115593",16.1453757071969
"ENSG00000115594",14.1167359540536
"ENSG00000115596",7.08714863451207
"ENSG00000115598",7.77304004408401
"ENSG00000115602",15.8264156077168
"ENSG00000115604",12.6941572412605
"ENSG00000115607",7.42156767358263
"ENSG00000115616",5.37094160051266
"ENSG00000115641",16.8146991957212
"ENSG00000115648",12.2657593638206
"ENSG00000115649",13.3797703598874
"ENSG00000115652",12.3134561058519
"ENSG00000115657",8.3964766926198
"ENSG00000115661",11.5887262407336
"ENSG00000115665",6.47047727406358
"ENSG00000115677",16.2134041940756
"ENSG00000115685",13.3972674271098
"ENSG00000115687",8.97297761459276
"ENSG00000115694",13.8379648317014
"ENSG00000115705",11.6747223486898
"ENSG00000115738",13.4712284821206
"ENSG00000115750",10.3644865783754
"ENSG00000115756",11.9494490790965
"ENSG00000115758",13.9692600107369
"ENSG00000115760",14.187010968325
"ENSG00000115761",12.049415987157
"ENSG00000115762",14.0993480564417
"ENSG00000115806",13.6779797333224
"ENSG00000115808",14.722511882262
"ENSG00000115816",13.166285543473
"ENSG00000115825",13.0723718405196
"ENSG00000115827",11.6269817597436
"ENSG00000115828",10.0634325655383
"ENSG00000115839",14.1148142820533
"ENSG00000115840",15.1590772850627
"ENSG00000115841",10.0949681389714
"ENSG00000115866",14.0837142287799
"ENSG00000115875",14.3029453858885
"ENSG00000115884",2.56358667845506
"ENSG00000115896",14.5369252992554
"ENSG00000115902",11.804378010617
"ENSG00000115904",13.5600601671883
"ENSG00000115919",8.17829652257027
"ENSG00000115935",12.9244337626347
"ENSG00000115942",12.1690661965167
"ENSG00000115944",14.1630346599838
"ENSG00000115946",11.7851737997199
"ENSG00000115947",13.0624358849868
"ENSG00000115956",11.8787362407114
"ENSG00000115963",13.2492115181814
"ENSG00000115966",13.0260889510523
"ENSG00000115970",12.4137735161008
"ENSG00000115977",13.8984186065731
"ENSG00000115993",15.546402043645
"ENSG00000115998",10.6242826101426
"ENSG00000116001",14.2006643355987
"ENSG00000116005",14.684148574898
"ENSG00000116016",16.695041762953
"ENSG00000116017",9.458404441763
"ENSG00000116030",13.9564407183279
"ENSG00000116039",6.81151419189864
"ENSG00000116044",13.9607264846907
"ENSG00000116062",12.0812560665889
"ENSG00000116095",12.944047743544
"ENSG00000116096",12.4689736834732
"ENSG00000116106",12.6011336324172
"ENSG00000116117",11.1372338659484
"ENSG00000116120",13.0034175624365
"ENSG00000116127",11.7310048242868
"ENSG00000116128",12.2863942096246
"ENSG00000116132",14.0708858025778
"ENSG00000116133",13.1681399075341
"ENSG00000116138",12.0930172326012
"ENSG00000116141",12.0891074875501
"ENSG00000116151",8.05543977478473
"ENSG00000116157",10.4401036250201
"ENSG00000116161",13.1229637689817
"ENSG00000116171",14.6944789482617
"ENSG00000116183",7.31847418061853
"ENSG00000116191",11.3284582691911
"ENSG00000116194",12.4508072939234
"ENSG00000116198",12.2483352988767
"ENSG00000116199",14.1291648152394
"ENSG00000116205",10.1709169922047
"ENSG00000116209",15.2857538182369
"ENSG00000116212",11.3612482043088
"ENSG00000116213",11.2395437113968
"ENSG00000116221",13.6045612772724
"ENSG00000116237",14.187010968325
"ENSG00000116251",15.1835773410614
"ENSG00000116254",8.3964766926198
"ENSG00000116260",14.3238908037414
"ENSG00000116266",12.8888921335447
"ENSG00000116273",10.6350490410117
"ENSG00000116285",13.0842053590113
"ENSG00000116288",15.1412515302199
"ENSG00000116299",5.73351167989737
"ENSG00000116337",11.2395437113968
"ENSG00000116350",13.6896457945257
"ENSG00000116353",12.3301155870539
"ENSG00000116396",9.99821490609178
"ENSG00000116406",13.0463946351817
"ENSG00000116455",12.5163279256415
"ENSG00000116459",16.205299776809
"ENSG00000116473",14.581439010361
"ENSG00000116478",13.5852607213134
"ENSG00000116489",13.657004242843
"ENSG00000116497",11.8696483678834
"ENSG00000116514",10.7484620213633
"ENSG00000116521",12.9067723939029
"ENSG00000116525",8.93862610980198
"ENSG00000116539",14.187925223768
"ENSG00000116544",6.02301829709235
"ENSG00000116560",15.6190385935501
"ENSG00000116574",12.1085511112443
"ENSG00000116580",13.0463946351817
"ENSG00000116584",12.9888025817544
"ENSG00000116586",12.3821688559359
"ENSG00000116604",13.8286156209132
"ENSG00000116641",11.8280292786817
"ENSG00000116649",12.172765416597
"ENSG00000116661",9.66161876141559
"ENSG00000116663",10.0792865167391
"ENSG00000116667",14.0768207922611
"ENSG00000116668",10.3117795280445
"ENSG00000116670",11.3482215240126
"ENSG00000116675",11.5031658927698
"ENSG00000116678",12.1616391786167
"ENSG00000116679",15.0109282438257
"ENSG00000116685",12.3367258851747
"ENSG00000116688",16.9743692499805
"ENSG00000116690",8.4462297278169
"ENSG00000116691",10.4644534864358
"ENSG00000116698",13.6909362195142
"ENSG00000116701",11.594253814702
"ENSG00000116704",11.6483950662594
"ENSG00000116711",10.2430667779605
"ENSG00000116717",13.4787191274057
"ENSG00000116729",14.1109632419532
"ENSG00000116731",13.6464010161273
"ENSG00000116741",12.6655623494043
"ENSG00000116747",12.9505269237794
"ENSG00000116750",13.3193088320973
"ENSG00000116752",13.3209766878217
"ENSG00000116754",15.1450226679094
"ENSG00000116761",10.6457357198089
"ENSG00000116771",5.37094160051266
"ENSG00000116774",12.2342429275735
"ENSG00000116783",11.3016789380755
"ENSG00000116786",13.6222549287956
"ENSG00000116791",13.7638722836794
"ENSG00000116793",11.5031658927698
"ENSG00000116809",11.0988620550759
"ENSG00000116815",12.8843872273367
"ENSG00000116819",6.02301829709235
"ENSG00000116824",7.60798079781351
"ENSG00000116830",11.0832229312983
"ENSG00000116833",9.33177100323199
"ENSG00000116852",8.75341123733508
"ENSG00000116857",12.3980577284393
"ENSG00000116863",11.514871393422
"ENSG00000116871",14.7812415118191
"ENSG00000116874",11.4431699280678
"ENSG00000116883",7.31847418061853
"ENSG00000116885",10.2846858671622
"ENSG00000116898",13.7076075477219
"ENSG00000116903",12.2657593638206
"ENSG00000116906",14.0306827123608
"ENSG00000116918",12.6812297798441
"ENSG00000116922",10.5803949661416
"ENSG00000116954",12.3067380725676
"ENSG00000116957",12.4958014304234
"ENSG00000116962",15.46010830068
"ENSG00000116977",14.8863598549096
"ENSG00000116981",8.23601202042655
"ENSG00000116983",6.26402639659615
"ENSG00000116984",14.3753627337817
"ENSG00000116985",7.69286969540002
"ENSG00000116990",8.05543977478473
"ENSG00000116991",13.9903755730506
"ENSG00000117000",12.6760261852366
"ENSG00000117009",7.20744286822978
"ENSG00000117010",10.1258291026761
"ENSG00000117013",9.40907672939943
"ENSG00000117016",9.80199141778014
"ENSG00000117020",13.1532378249698
"ENSG00000117036",12.3465848873755
"ENSG00000117054",15.4717916315809
"ENSG00000117069",5.37094160051266
"ENSG00000117090",8.93862610980198
"ENSG00000117091",8.23601202042655
"ENSG00000117114",14.0659212586531
"ENSG00000117115",6.95590410123382
"ENSG00000117118",15.2801918197904
"ENSG00000117122",7.92113868307314
"ENSG00000117133",12.8933830166758
"ENSG00000117139",12.362868299977
"ENSG00000117143",13.3636776660801
"ENSG00000117151",12.1616391786167
"ENSG00000117152",8.62967586891283
"ENSG00000117153",13.2011172299804
"ENSG00000117154",8.54086660195497
"ENSG00000117155",12.0574421276959
"ENSG00000117174",12.1353393219586
"ENSG00000117222",11.9537556346552
"ENSG00000117226",10.8162521109053
"ENSG00000117228",11.57760714877
"ENSG00000117242",10.7284936051307
"ENSG00000117245",9.10274548956309
"ENSG00000117262",10.2289225956402
"ENSG00000117266",14.5561710224609
"ENSG00000117280",12.6066139620496
"ENSG00000117289",17.7688071949618
"ENSG00000117298",14.3713440820443
"ENSG00000117305",12.4869141638742
"ENSG00000117308",10.0634325655383
"ENSG00000117318",13.9348188068247
"ENSG00000117335",15.4291266492408
"ENSG00000117360",12.8956232268167
"ENSG00000117362",14.2452643336647
"ENSG00000117385",11.3482215240126
"ENSG00000117394",12.5365664645213
"ENSG00000117395",12.4538509554762
"ENSG00000117399",6.26402639659615
"ENSG00000117400",6.02301829709235
"ENSG00000117407",6.81151419189864
"ENSG00000117408",13.2596848494109
"ENSG00000117410",13.7101553541958
"ENSG00000117411",12.0086015243235
"ENSG00000117419",12.6992959645595
"ENSG00000117425",7.77304004408401
"ENSG00000117448",12.8079505135756
"ENSG00000117450",15.2668414122032
"ENSG00000117461",14.9290889466482
"ENSG00000117472",8.4462297278169
"ENSG00000117475",12.4168962338587
"ENSG00000117477",8.90343668133968
"ENSG00000117479",14.9443182911381
"ENSG00000117480",9.59700967999251
"ENSG00000117481",12.2999886097733
"ENSG00000117500",14.8590686521504
"ENSG00000117505",13.2421868175545
"ENSG00000117519",14.4820772707474
"ENSG00000117523",14.5137780284278
"ENSG00000117525",12.8385471505957
"ENSG00000117528",13.9617959399219
"ENSG00000117533",12.296602000141
"ENSG00000117543",12.3853606604256
"ENSG00000117569",12.2377789466007
"ENSG00000117586",8.97297761459276
"ENSG00000117592",15.9870965702279
"ENSG00000117593",12.3789699742686
"ENSG00000117594",9.5061011837943
"ENSG00000117595",13.1773761429276
"ENSG00000117597",11.6536990981193
"ENSG00000117600",8.4462297278169
"ENSG00000117601",2.56358667845506
"ENSG00000117602",11.4913646405374
"ENSG00000117614",12.9375393338253
"ENSG00000117616",13.1210503800529
"ENSG00000117620",12.3465848873755
"ENSG00000117625",13.6766776618974
"ENSG00000117632",13.8025884362206
"ENSG00000117640",15.0150553914024
"ENSG00000117643",11.1597764345995
"ENSG00000117650",5.37094160051266
"ENSG00000117676",10.7082449212869
"ENSG00000117682",12.3757639839695
"ENSG00000117691",14.0184000269676
"ENSG00000117697",12.6011336324172
"ENSG00000117707",12.6497229034824
"ENSG00000117713",13.7391362290912
"ENSG00000117724",9.03932010942146
"ENSG00000117748",12.5845666173593
"ENSG00000117751",12.7718210367948
"ENSG00000117758",13.7869850931667
"ENSG00000117791",12.3465848873755
"ENSG00000117834",5.73351167989737
"ENSG00000117859",14.6373935256336
"ENSG00000117862",12.9288155277066
"ENSG00000117868",15.0319561655646
"ENSG00000117877",9.76325902329142
"ENSG00000117899",13.0584422629463
"ENSG00000117906",13.4861710811687
"ENSG00000117984",15.0375460441498
"ENSG00000118004",10.9167335039531
"ENSG00000118007",13.3555634993537
"ENSG00000118046",11.8420361366755
"ENSG00000118058",13.680580356002
"ENSG00000118094",4.14854917917621
"ENSG00000118096",12.6681854320194
"ENSG00000118137",10.1104811383427
"ENSG00000118156",6.02301829709235
"ENSG00000118160",6.02301829709235
"ENSG00000118162",9.99821490609178
"ENSG00000118181",15.7302205377544
"ENSG00000118193",6.81151419189864
"ENSG00000118194",19.4025566593484
"ENSG00000118197",11.7608033715651
"ENSG00000118200",13.4772241065042
"ENSG00000118217",13.6045612772724
"ENSG00000118242",6.26402639659615
"ENSG00000118246",13.8274426980511
"ENSG00000118257",11.3416638079904
"ENSG00000118260",13.2351277451669
"ENSG00000118263",13.8109208564838
"ENSG00000118276",10.4153357198711
"ENSG00000118292",11.3741583131962
"ENSG00000118298",11.6799306396925
"ENSG00000118307",6.95590410123382
"ENSG00000118308",8.71333379795974
"ENSG00000118363",13.0783007325935
"ENSG00000118369",10.6242826101426
"ENSG00000118402",6.47047727406358
"ENSG00000118407",15.6475645469567
"ENSG00000118412",12.049415987157
"ENSG00000118418",14.7518664304192
"ENSG00000118420",9.48244991572965
"ENSG00000118432",9.52937096311715
"ENSG00000118454",12.0127353238305
"ENSG00000118473",11.3805703017104
"ENSG00000118482",13.4652078368012
"ENSG00000118495",12.4293199493068
"ENSG00000118496",13.2769731933921
"ENSG00000118503",11.288100531575
"ENSG00000118507",10.3251379108995
"ENSG00000118508",10.9940392301206
"ENSG00000118513",4.88551477334242
"ENSG00000118514",7.42156767358263
"ENSG00000118515",14.9186624251241
"ENSG00000118518",13.8168432582362
"ENSG00000118520",5.73351167989737
"ENSG00000118523",14.8596425165338
"ENSG00000118526",10.9255304521903
"ENSG00000118557",6.6510495197054
"ENSG00000118564",15.0466466563267
"ENSG00000118579",13.2700826965162
"ENSG00000118596",13.2906562364788
"ENSG00000118600",11.7310048242868
"ENSG00000118620",9.78275519891722
"ENSG00000118640",11.5031658927698
"ENSG00000118655",9.72345801523345
"ENSG00000118680",15.5711396130688
"ENSG00000118689",13.5685093570241
"ENSG00000118690",11.0023785310333
"ENSG00000118705",14.6205630146333
"ENSG00000118707",10.7681578227043
"ENSG00000118729",18.1235910471857
"ENSG00000118762",13.7857778169114
"ENSG00000118777",9.87646963373941
"ENSG00000118785",11.5264826837923
"ENSG00000118804",9.27783219612118
"ENSG00000118816",15.5742896034924
"ENSG00000118849",12.1911205629278
"ENSG00000118855",13.5228641841756
"ENSG00000118873",13.3555634993537
"ENSG00000118894",10.2002112989987
"ENSG00000118898",11.6694951870262
"ENSG00000118900",13.4285465935977
"ENSG00000118922",12.8798682102013
"ENSG00000118939",9.40907672939943
"ENSG00000118946",11.1892955215195
"ENSG00000118960",11.9835468563029
"ENSG00000118961",10.6134352279056
"ENSG00000118965",12.2829754993971
"ENSG00000118971",14.6658904956677
"ENSG00000118985",15.6823655686096
"ENSG00000118997",6.95590410123382
"ENSG00000119004",11.0023785310333
"ENSG00000119013",14.7782093647574
"ENSG00000119041",13.1133713464029
"ENSG00000119042",8.83037321914996
"ENSG00000119048",14.7580357579341
"ENSG00000119121",7.98985143315716
"ENSG00000119125",4.14854917917621
"ENSG00000119138",15.2027012416345
"ENSG00000119139",14.3046322554649
"ENSG00000119147",8.86736742663216
"ENSG00000119185",14.267057724527
"ENSG00000119203",12.216431651457
"ENSG00000119227",10.5119539100397
"ENSG00000119231",12.570613945349
"ENSG00000119242",12.9526802003595
"ENSG00000119280",13.7552628248075
"ENSG00000119285",12.4749786662985
"ENSG00000119314",13.1588441599041
"ENSG00000119318",14.9269001428285
"ENSG00000119321",13.2562021801496
"ENSG00000119326",13.9532180177156
"ENSG00000119328",11.6642490174603
"ENSG00000119333",12.049415987157
"ENSG00000119335",15.1501919390587
"ENSG00000119383",14.5174193606003
"ENSG00000119392",12.4012146116265
"ENSG00000119396",14.3689275068714
"ENSG00000119397",11.7056937357576
"ENSG00000119401",11.7056937357576
"ENSG00000119402",14.0317015648332
"ENSG00000119403",11.5887262407336
"ENSG00000119408",11.0433669424842
"ENSG00000119411",9.96446611473724
"ENSG00000119414",14.1897519983596
"ENSG00000119421",14.8417457098923
"ENSG00000119431",11.6589837012476
"ENSG00000119440",4.88551477334242
"ENSG00000119446",13.4591619608357
"ENSG00000119457",6.02301829709235
"ENSG00000119471",15.4985675111089
"ENSG00000119487",13.9510655442974
"ENSG00000119508",14.9748328302955
"ENSG00000119509",11.0271110517262
"ENSG00000119514",8.1181755301327
"ENSG00000119522",11.4122096188844
"ENSG00000119523",12.0044558460659
"ENSG00000119535",10.8900161655774
"ENSG00000119537",13.1438452459548
"ENSG00000119541",12.6470660057869
"ENSG00000119547",6.02301829709235
"ENSG00000119559",10.698012998676
"ENSG00000119574",9.07138131865375
"ENSG00000119596",13.4576465247291
"ENSG00000119599",10.2289225956402
"ENSG00000119616",12.7815443763192
"ENSG00000119630",10.0147977902874
"ENSG00000119632",11.8832587994021
"ENSG00000119636",9.38376564087025
"ENSG00000119638",14.9869652549736
"ENSG00000119640",10.3514892378465
"ENSG00000119650",11.6694951870262
"ENSG00000119655",13.8961827362443
"ENSG00000119661",11.8877672250738
"ENSG00000119669",11.3218098931818
"ENSG00000119673",12.7669346814348
"ENSG00000119681",13.1792163154232
"ENSG00000119682",13.2047352758663
"ENSG00000119684",12.2271447826723
"ENSG00000119685",11.6269817597436
"ENSG00000119686",9.13344228678601
"ENSG00000119688",12.6760261852366
"ENSG00000119689",15.6231001423888
"ENSG00000119698",6.6510495197054
"ENSG00000119699",12.8127001311688
"ENSG00000119703",9.70313803085385
"ENSG00000119705",13.3956855244942
"ENSG00000119707",14.7256632488294
"ENSG00000119711",14.8058676287575
"ENSG00000119714",6.02301829709235
"ENSG00000119715",9.80199141778014
"ENSG00000119718",12.120092733127
"ENSG00000119720",11.5997602910085
"ENSG00000119723",12.8150690890753
"ENSG00000119725",7.42156767358263
"ENSG00000119729",16.6885964736676
"ENSG00000119737",7.69286969540002
"ENSG00000119760",14.081748034212
"ENSG00000119771",9.55227136522722
"ENSG00000119772",11.4913646405374
"ENSG00000119777",13.0199410935633
"ENSG00000119778",11.8327133576045
"ENSG00000119782",9.07138131865375
"ENSG00000119787",12.9178360604003
"ENSG00000119801",14.0599411670197
"ENSG00000119812",13.8770366194181
"ENSG00000119820",14.09252909352
"ENSG00000119844",12.3498563061035
"ENSG00000119862",12.0773142744075
"ENSG00000119865",11.6161547292592
"ENSG00000119866",9.85820742734668
"ENSG00000119878",12.1008050789937
"ENSG00000119888",5.37094160051266
"ENSG00000119899",11.8650828734376
"ENSG00000119900",13.4207901499632
"ENSG00000119906",12.657664364127
"ENSG00000119912",13.4817045294868
"ENSG00000119915",4.88551477334242
"ENSG00000119917",10.7875883526532
"ENSG00000119922",10.0147977902874
"ENSG00000119927",13.1974900878036
"ENSG00000119929",13.2226906419287
"ENSG00000119938",13.6236070329629
"ENSG00000119943",11.2812631015215
"ENSG00000119946",5.37094160051266
"ENSG00000119950",14.422733173881
"ENSG00000119953",12.6256328161755
"ENSG00000119965",10.8350497063594
"ENSG00000119969",7.20744286822978
"ENSG00000119977",12.3596262872848
"ENSG00000119979",11.594253814702
"ENSG00000119986",10.7875883526532
"ENSG00000120008",13.4223447783905
"ENSG00000120029",13.7024983965978
"ENSG00000120049",16.6257171621103
"ENSG00000120051",8.71333379795974
"ENSG00000120053",17.0426722004132
"ENSG00000120057",7.08714863451207
"ENSG00000120063",13.4530906418665
"ENSG00000120071",13.1133713464029
"ENSG00000120093",9.66161876141559
"ENSG00000120129",15.3361074547698
"ENSG00000120137",13.9735079197047
"ENSG00000120149",7.60798079781351
"ENSG00000120156",14.4094687128391
"ENSG00000120158",11.0352618928471
"ENSG00000120159",11.1746114757624
"ENSG00000120162",10.4401036250201
"ENSG00000120217",13.1847227917297
"ENSG00000120253",12.6417374861897
"ENSG00000120254",10.0311922285381
"ENSG00000120256",11.1746114757624
"ENSG00000120262",7.92113868307314
"ENSG00000120265",14.8992561654012
"ENSG00000120278",12.3596262872848
"ENSG00000120279",13.1644287928424
"ENSG00000120280",7.31847418061853
"ENSG00000120306",13.6450701165487
"ENSG00000120314",12.4293199493068
"ENSG00000120318",13.166285543473
"ENSG00000120322",8.23601202042655
"ENSG00000120324",7.69286969540002
"ENSG00000120327",9.3050536648562
"ENSG00000120328",8.83037321914996
"ENSG00000120332",5.73351167989737
"ENSG00000120333",12.4749786662985
"ENSG00000120334",9.43395139803846
"ENSG00000120337",5.37094160051266
"ENSG00000120341",6.6510495197054
"ENSG00000120370",11.4059370218689
"ENSG00000120437",10.476476014685
"ENSG00000120438",14.883540989142
"ENSG00000120451",14.4266113886919
"ENSG00000120457",11.5494286154584
"ENSG00000120458",10.5803949661416
"ENSG00000120509",12.4869141638742
"ENSG00000120519",10.6242826101426
"ENSG00000120526",11.9961285788433
"ENSG00000120533",13.2614230364174
"ENSG00000120539",10.476476014685
"ENSG00000120549",13.4876568640404
"ENSG00000120555",6.81151419189864
"ENSG00000120586",8.93862610980198
"ENSG00000120594",13.1114451845135
"ENSG00000120616",12.9266263087116
"ENSG00000120645",8.62967586891283
"ENSG00000120647",9.64040227550589
"ENSG00000120656",12.0851871181788
"ENSG00000120658",10.4153357198711
"ENSG00000120662",11.218222706983
"ENSG00000120664",2.56358667845506
"ENSG00000120669",7.08714863451207
"ENSG00000120675",13.4485203264048
"ENSG00000120685",12.1124085869138
"ENSG00000120686",13.8344659737838
"ENSG00000120688",12.9845995342343
"ENSG00000120690",13.9735079197047
"ENSG00000120693",11.4246735844505
"ENSG00000120694",14.1215289652425
"ENSG00000120696",10.6242826101426
"ENSG00000120697",11.5206887200173
"ENSG00000120699",12.1911205629278
"ENSG00000120705",14.883540989142
"ENSG00000120708",14.1988513349946
"ENSG00000120709",13.6018198131868
"ENSG00000120725",11.6215784012142
"ENSG00000120727",14.8647970497535
"ENSG00000120729",12.6202243935683
"ENSG00000120733",13.8321286787552
"ENSG00000120738",14.3437162980804
"ENSG00000120742",13.5068340743566
"ENSG00000120756",10.2570736359544
"ENSG00000120784",10.7082449212869
"ENSG00000120798",13.0584422629463
"ENSG00000120800",12.2692190658165
"ENSG00000120802",13.1056512207385
"ENSG00000120805",14.3873519582447
"ENSG00000120820",10.7184047875072
"ENSG00000120832",13.472729725795
"ENSG00000120833",11.9451296296396
"ENSG00000120837",13.4712284821206
"ENSG00000120860",12.6992959645595
"ENSG00000120868",11.0023785310333
"ENSG00000120875",10.806760661928
"ENSG00000120885",14.9890648661004
"ENSG00000120889",13.4051510261856
"ENSG00000120896",13.1172159723714
"ENSG00000120899",11.0674124164508
"ENSG00000120907",11.4972773334073
"ENSG00000120910",13.1056512207385
"ENSG00000120913",10.1410155064908
"ENSG00000120915",13.0959426037439
"ENSG00000120925",11.8787362407114
"ENSG00000120937",16.9005813065727
"ENSG00000120942",11.725978007212
"ENSG00000120948",15.0166000329214
"ENSG00000120949",7.98985143315716
"ENSG00000120963",13.4238977333745
"ENSG00000120992",13.697371087635
"ENSG00000121005",8.75341123733508
"ENSG00000121022",14.2774027586896
"ENSG00000121039",12.2692190658165
"ENSG00000121057",15.1068602169049
"ENSG00000121058",11.5437262560942
"ENSG00000121060",12.6734173327339
"ENSG00000121064",13.9914232819136
"ENSG00000121067",13.6370588324315
"ENSG00000121068",12.0127353238305
"ENSG00000121073",13.317639045984
"ENSG00000121089",7.77304004408401
"ENSG00000121101",7.51778298884193
"ENSG00000121104",10.8162521109053
"ENSG00000121152",6.95590410123382
"ENSG00000121210",12.5536906423126
"ENSG00000121211",4.88551477334242
"ENSG00000121236",8.71333379795974
"ENSG00000121270",6.02301829709235
"ENSG00000121274",11.3869539185013
"ENSG00000121281",11.5831774068129
"ENSG00000121289",10.8627946968423
"ENSG00000121297",10.2570736359544
"ENSG00000121310",14.6835004639073
"ENSG00000121316",12.6941572412605
"ENSG00000121318",5.73351167989737
"ENSG00000121350",12.2342429275735
"ENSG00000121361",15.4837534156939
"ENSG00000121390",12.9971721196056
"ENSG00000121406",11.0753393322224
"ENSG00000121410",4.14854917917621
"ENSG00000121413",13.4652078368012
"ENSG00000121417",11.7509387516556
"ENSG00000121440",13.2101453886096
"ENSG00000121481",11.3416638079904
"ENSG00000121486",12.5901101209748
"ENSG00000121542",11.0352618928471
"ENSG00000121552",9.48244991572965
"ENSG00000121577",16.4529955744855
"ENSG00000121578",12.0851871181788
"ENSG00000121579",14.3551565905819
"ENSG00000121594",7.42156767358263
"ENSG00000121621",5.73351167989737
"ENSG00000121644",13.028132428789
"ENSG00000121653",9.40907672939943
"ENSG00000121671",13.5372840447604
"ENSG00000121680",10.4523299273533
"ENSG00000121690",6.81151419189864
"ENSG00000121691",14.722511882262
"ENSG00000121716",9.64040227550589
"ENSG00000121741",14.0039367976556
"ENSG00000121743",10.9687281415914
"ENSG00000121749",13.1438452459548
"ENSG00000121753",9.87646963373941
"ENSG00000121764",5.73351167989737
"ENSG00000121766",11.8696483678834
"ENSG00000121769",17.7467955769311
"ENSG00000121774",14.1119269661312
"ENSG00000121775",10.0474024557193
"ENSG00000121797",9.19294329853467
"ENSG00000121807",8.29150713301826
"ENSG00000121848",16.1062558454659
"ENSG00000121851",13.3109405079331
"ENSG00000121858",12.073361682782
"ENSG00000121864",12.570613945349
"ENSG00000121879",13.2119442604647
"ENSG00000121892",14.0758333212842
"ENSG00000121895",4.14854917917621
"ENSG00000121897",11.6269817597436
"ENSG00000121898",10.8900161655774
"ENSG00000121900",10.4153357198711
"ENSG00000121903",9.94729097092911
"ENSG00000121904",6.81151419189864
"ENSG00000121931",11.5887262407336
"ENSG00000121933",11.7209336138179
"ENSG00000121940",12.9761565252603
"ENSG00000121957",9.66161876141559
"ENSG00000121964",12.1764551757461
"ENSG00000121966",10.6025056677474
"ENSG00000121988",8.62967586891283
"ENSG00000121989",11.1523013140373
"ENSG00000122008",13.0684056660879
"ENSG00000122025",8.29150713301826
"ENSG00000122026",15.4631324234504
"ENSG00000122033",14.3213933506523
"ENSG00000122034",14.9453999744434
"ENSG00000122035",10.6242826101426
"ENSG00000122042",13.4176758583256
"ENSG00000122068",15.0067892557521
"ENSG00000122085",12.850144440063
"ENSG00000122121",8.1181755301327
"ENSG00000122122",9.89450355656967
"ENSG00000122126",13.064428558012
"ENSG00000122140",12.5163279256415
"ENSG00000122176",12.9782719142623
"ENSG00000122188",5.73351167989737
"ENSG00000122203",14.6704767235473
"ENSG00000122218",15.2419667435642
"ENSG00000122223",4.88551477334242
"ENSG00000122224",5.73351167989737
"ENSG00000122254",7.98985143315716
"ENSG00000122257",13.3956855244942
"ENSG00000122299",13.0199410935633
"ENSG00000122335",10.6242826101426
"ENSG00000122359",15.54818314886
"ENSG00000122367",17.7552242742967
"ENSG00000122375",6.47047727406358
"ENSG00000122376",12.073361682782
"ENSG00000122378",14.7969067611859
"ENSG00000122386",9.22179816120685
"ENSG00000122390",8.75341123733508
"ENSG00000122406",16.6327846739662
"ENSG00000122417",12.4075077297441
"ENSG00000122420",7.51778298884193
"ENSG00000122432",6.26402639659615
"ENSG00000122435",11.7851737997199
"ENSG00000122477",14.3138749460467
"ENSG00000122481",10.4883991820608
"ENSG00000122482",13.1457286601138
"ENSG00000122483",9.91231483268614
"ENSG00000122484",11.8233299421458
"ENSG00000122490",11.7996008703551
"ENSG00000122497",10.898977033149
"ENSG00000122507",12.0250661257412
"ENSG00000122512",10.2709458105359
"ENSG00000122515",13.409860589805
"ENSG00000122545",15.4582149998297
"ENSG00000122547",10.6773288445042
"ENSG00000122550",14.5639388559354
"ENSG00000122557",12.049415987157
"ENSG00000122565",14.267057724527
"ENSG00000122566",17.0127998205576
"ENSG00000122574",10.2846858671622
"ENSG00000122591",13.2439462019688
"ENSG00000122641",9.59700967999251
"ENSG00000122642",14.2051868942894
"ENSG00000122643",12.0413449448989
"ENSG00000122644",11.7558794929258
"ENSG00000122674",11.1066184987103
"ENSG00000122678",11.0753393322224
"ENSG00000122679",13.374961371965
"ENSG00000122687",11.7706009986326
"ENSG00000122691",7.84898889731731
"ENSG00000122692",13.5214142392888
"ENSG00000122694",11.1523013140373
"ENSG00000122696",10.8719257085945
"ENSG00000122705",13.2544576877474
"ENSG00000122707",12.1008050789937
"ENSG00000122729",14.0846963221064
"ENSG00000122733",6.81151419189864
"ENSG00000122735",4.88551477334242
"ENSG00000122741",12.5845666173593
"ENSG00000122756",8.97297761459276
"ENSG00000122778",11.1746114757624
"ENSG00000122779",12.2726704910054
"ENSG00000122783",12.0693982323747
"ENSG00000122786",16.5459564235516
"ENSG00000122824",6.02301829709235
"ENSG00000122861",10.9856514446279
"ENSG00000122862",14.9491794920564
"ENSG00000122863",13.2492115181814
"ENSG00000122870",11.14478726038
"ENSG00000122873",14.1099988735744
"ENSG00000122877",9.85820742734668
"ENSG00000122882",12.5308129372911
"ENSG00000122884",14.6880311384636
"ENSG00000122912",12.459919082365
"ENSG00000122952",8.54086660195497
"ENSG00000122958",13.2974493981336
"ENSG00000122965",12.4324092332301
"ENSG00000122966",8.05543977478473
"ENSG00000122970",11.2038316146774
"ENSG00000122971",12.7571120389563
"ENSG00000122986",11.1672130234412
"ENSG00000123009",6.02301829709235
"ENSG00000123064",11.6954436390638
"ENSG00000123066",13.9062169771335
"ENSG00000123080",11.2812631015215
"ENSG00000123091",14.8324210477988
"ENSG00000123094",12.8174341634425
"ENSG00000123095",10.898977033149
"ENSG00000123096",12.5649948728479
"ENSG00000123104",12.7272363544709
"ENSG00000123106",13.1532378249698
"ENSG00000123119",9.03932010942146
"ENSG00000123124",14.8440674887734
"ENSG00000123130",14.2033795717344
"ENSG00000123131",12.9067723939029
"ENSG00000123136",11.9580493730654
"ENSG00000123143",13.735388967138
"ENSG00000123144",13.2457034434051
"ENSG00000123146",12.0891074875501
"ENSG00000123154",9.83971108372929
"ENSG00000123159",12.492845087092
"ENSG00000123178",12.0851871181788
"ENSG00000123179",10.4523299273533
"ENSG00000123191",11.0514267122781
"ENSG00000123200",13.8472538459466
"ENSG00000123213",11.5664016940621
"ENSG00000123219",7.08714863451207
"ENSG00000123240",15.0976463349054
"ENSG00000123243",12.0291530832645
"ENSG00000123268",11.9961285788433
"ENSG00000123297",11.9056613464542
"ENSG00000123329",8.49432401601794
"ENSG00000123338",11.6483950662594
"ENSG00000123342",11.7209336138179
"ENSG00000123349",15.1808245432012
"ENSG00000123352",11.1066184987103
"ENSG00000123353",11.7608033715651
"ENSG00000123358",16.4272890057263
"ENSG00000123360",11.6107105905691
"ENSG00000123374",11.6799306396925
"ENSG00000123384",15.4326020940071
"ENSG00000123395",11.7996008703551
"ENSG00000123405",2.56358667845506
"ENSG00000123411",11.2674902518997
"ENSG00000123415",11.509030514833
"ENSG00000123416",15.7374199421371
"ENSG00000123427",9.00653017430379
"ENSG00000123444",11.725978007212
"ENSG00000123453",6.02301829709235
"ENSG00000123472",15.3815696056507
"ENSG00000123473",7.98985143315716
"ENSG00000123485",6.95590410123382
"ENSG00000123496",4.88551477334242
"ENSG00000123500",2.56358667845506
"ENSG00000123505",15.1054092998792
"ENSG00000123545",13.7253484217597
"ENSG00000123552",12.1541737283701
"ENSG00000123560",10.7681578227043
"ENSG00000123562",15.3939038082653
"ENSG00000123570",13.6896457945257
"ENSG00000123572",10.0474024557193
"ENSG00000123575",13.1551090250258
"ENSG00000123595",11.9537556346552
"ENSG00000123600",10.7484620213633
"ENSG00000123607",12.6444042060634
"ENSG00000123609",10.4153357198711
"ENSG00000123610",9.94729097092911
"ENSG00000123612",8.93862610980198
"ENSG00000123636",13.0959426037439
"ENSG00000123643",11.509030514833
"ENSG00000123684",13.9745679454989
"ENSG00000123685",8.58595449148351
"ENSG00000123689",11.2395437113968
"ENSG00000123700",13.4254490185142
"ENSG00000123728",12.9782719142623
"ENSG00000123737",12.2863942096246
"ENSG00000123739",13.7114275721274
"ENSG00000123810",7.84898889731731
"ENSG00000123815",11.5206887200173
"ENSG00000123836",14.8818470221675
"ENSG00000123843",8.4462297278169
"ENSG00000123870",8.97297761459276
"ENSG00000123892",6.47047727406358
"ENSG00000123901",5.37094160051266
"ENSG00000123908",11.7310048242868
"ENSG00000123933",12.5480051372562
"ENSG00000123965",7.92113868307314
"ENSG00000123975",9.35800254480516
"ENSG00000123983",13.872494482519
"ENSG00000123989",13.0322107213731
"ENSG00000123992",13.1267829506718
"ENSG00000123999",7.08714863451207
"ENSG00000124003",6.26402639659615
"ENSG00000124006",13.96606585067
"ENSG00000124019",9.92990889270087
"ENSG00000124067",14.1527696454944
"ENSG00000124074",9.85820742734668
"ENSG00000124097",8.34494639197972
"ENSG00000124098",14.0866585053955
"ENSG00000124103",5.73351167989737
"ENSG00000124104",12.1315427538705
"ENSG00000124107",7.69286969540002
"ENSG00000124116",5.37094160051266
"ENSG00000124120",11.9877529672732
"ENSG00000124126",12.9697916838739
"ENSG00000124145",14.9098233698453
"ENSG00000124151",13.9542930513278
"ENSG00000124155",14.3071588673907
"ENSG00000124160",12.4719792992288
"ENSG00000124164",14.011186536735
"ENSG00000124171",8.79240536895094
"ENSG00000124172",15.5517387761456
"ENSG00000124177",13.2940568156393
"ENSG00000124181",13.8793023364773
"ENSG00000124191",8.23601202042655
"ENSG00000124193",14.8676527415823
"ENSG00000124194",6.95590410123382
"ENSG00000124198",14.2382203402223
"ENSG00000124201",13.6649058328783
"ENSG00000124203",4.14854917917621
"ENSG00000124207",13.5358485271883
"ENSG00000124209",12.4043646020501
"ENSG00000124212",12.9045494427068
"ENSG00000124214",14.4071152130661
"ENSG00000124215",8.05543977478473
"ENSG00000124216",10.4883991820608
"ENSG00000124217",9.57481393387831
"ENSG00000124222",13.7316319466791
"ENSG00000124224",10.3514892378465
"ENSG00000124225",11.9320931399627
"ENSG00000124226",13.3861575094052
"ENSG00000124228",12.5536906423126
"ENSG00000124243",7.98985143315716
"ENSG00000124249",5.37094160051266
"ENSG00000124251",7.60798079781351
"ENSG00000124253",11.2674902518997
"ENSG00000124256",4.88551477334242
"ENSG00000124257",9.99821490609178
"ENSG00000124275",12.8593556128756
"ENSG00000124279",10.3644865783754
"ENSG00000124299",12.4958014304234
"ENSG00000124302",2.56358667845506
"ENSG00000124313",10.8162521109053
"ENSG00000124343",5.73351167989737
"ENSG00000124356",12.8174341634425
"ENSG00000124357",12.8798682102013
"ENSG00000124370",12.1429026160351
"ENSG00000124374",13.7328853742479
"ENSG00000124380",12.3661030435763
"ENSG00000124383",12.6864146732627
"ENSG00000124399",7.42156767358263
"ENSG00000124406",13.4331805216958
"ENSG00000124422",14.9164577331331
"ENSG00000124429",10.8350497063594
"ENSG00000124440",14.470101523302
"ENSG00000124444",10.6134352279056
"ENSG00000124459",11.0988620550759
"ENSG00000124466",6.6510495197054
"ENSG00000124479",2.56358667845506
"ENSG00000124486",14.6685129822628
"ENSG00000124491",16.1633833195193
"ENSG00000124496",10.2846858671622
"ENSG00000124507",12.1277361684408
"ENSG00000124508",10.6242826101426
"ENSG00000124523",13.3042107229445
"ENSG00000124532",13.7515572704393
"ENSG00000124535",12.8547573777769
"ENSG00000124541",12.2761136788949
"ENSG00000124549",9.68252775117857
"ENSG00000124562",13.5796985166756
"ENSG00000124570",14.9092691266418
"ENSG00000124571",12.5845666173593
"ENSG00000124574",11.1597764345995
"ENSG00000124587",12.1541737283701
"ENSG00000124588",13.0096360851716
"ENSG00000124593",10.9856514446279
"ENSG00000124596",11.8233299421458
"ENSG00000124602",6.95590410123382
"ENSG00000124608",11.6483950662594
"ENSG00000124613",8.75341123733508
"ENSG00000124614",7.84898889731731
"ENSG00000124615",13.3506730030067
"ENSG00000124635",8.1181755301327
"ENSG00000124641",12.2829754993971
"ENSG00000124659",11.0753393322224
"ENSG00000124664",4.14854917917621
"ENSG00000124688",12.0969164107609
"ENSG00000124701",14.3486303932348
"ENSG00000124702",14.2168796238379
"ENSG00000124713",9.55227136522722
"ENSG00000124721",2.56358667845506
"ENSG00000124731",9.22179816120685
"ENSG00000124733",12.2999886097733
"ENSG00000124743",15.3249301345557
"ENSG00000124749",13.9564407183279
"ENSG00000124762",15.1716104289115
"ENSG00000124766",10.1560437157231
"ENSG00000124767",14.9885402497161
"ENSG00000124772",12.6603018329436
"ENSG00000124780",5.73351167989737
"ENSG00000124782",12.5046342847956
"ENSG00000124783",14.2902305999391
"ENSG00000124784",11.8967420287657
"ENSG00000124785",12.1353393219586
"ENSG00000124786",11.7608033715651
"ENSG00000124787",9.25008720563828
"ENSG00000124788",12.6120735524474
"ENSG00000124789",13.2101453886096
"ENSG00000124795",14.2540212348501
"ENSG00000124802",10.5235886105231
"ENSG00000124813",8.58595449148351
"ENSG00000124818",5.73351167989737
"ENSG00000124831",14.8510104901386
"ENSG00000124839",8.79240536895094
"ENSG00000124875",4.14854917917621
"ENSG00000124882",11.3151307375442
"ENSG00000124920",7.31847418061853
"ENSG00000124935",6.81151419189864
"ENSG00000124942",18.1727942794453
"ENSG00000125037",14.141487515342
"ENSG00000125046",8.67211113523323
"ENSG00000125089",10.9429650455263
"ENSG00000125107",14.4266113886919
"ENSG00000125122",7.77304004408401
"ENSG00000125124",13.1075851285896
"ENSG00000125144",6.02301829709235
"ENSG00000125148",13.8564834338642
"ENSG00000125149",11.594253814702
"ENSG00000125166",16.2526018503536
"ENSG00000125170",11.14478726038
"ENSG00000125246",12.3853606604256
"ENSG00000125247",10.9601914596369
"ENSG00000125249",13.1773761429276
"ENSG00000125257",11.9233362387774
"ENSG00000125266",13.2838309367426
"ENSG00000125304",14.746291388974
"ENSG00000125319",6.26402639659615
"ENSG00000125337",5.73351167989737
"ENSG00000125347",11.3218098931818
"ENSG00000125351",10.5002246174576
"ENSG00000125352",10.402790466552
"ENSG00000125354",11.7706009986326
"ENSG00000125355",8.17829652257027
"ENSG00000125356",15.5637627779415
"ENSG00000125375",11.9961285788433
"ENSG00000125378",10.0634325655383
"ENSG00000125384",8.17829652257027
"ENSG00000125386",11.7899988712438
"ENSG00000125388",11.218222706983
"ENSG00000125398",11.5494286154584
"ENSG00000125409",4.14854917917621
"ENSG00000125430",10.0311922285381
"ENSG00000125434",9.89450355656967
"ENSG00000125445",14.357596323476
"ENSG00000125447",12.3789699742686
"ENSG00000125449",9.59700967999251
"ENSG00000125450",12.1391259252896
"ENSG00000125454",10.7484620213633
"ENSG00000125457",11.6747223486898
"ENSG00000125458",11.196581875598
"ENSG00000125459",10.898977033149
"ENSG00000125482",12.0574421276959
"ENSG00000125484",12.2553301976263
"ENSG00000125485",10.2846858671622
"ENSG00000125503",14.7574200110016
"ENSG00000125505",11.3084205159546
"ENSG00000125510",6.6510495197054
"ENSG00000125520",11.9623303703932
"ENSG00000125534",11.7209336138179
"ENSG00000125538",6.81151419189864
"ENSG00000125551",5.37094160051266
"ENSG00000125611",10.4883991820608
"ENSG00000125618",8.1181755301327
"ENSG00000125629",12.6229311392795
"ENSG00000125630",11.6536990981193
"ENSG00000125633",13.9106543356209
"ENSG00000125637",9.5061011837943
"ENSG00000125648",14.3138749460467
"ENSG00000125650",8.23601202042655
"ENSG00000125651",12.5075665927988
"ENSG00000125652",11.7608033715651
"ENSG00000125656",12.0773142744075
"ENSG00000125657",6.26402639659615
"ENSG00000125675",6.81151419189864
"ENSG00000125676",13.4891411183286
"ENSG00000125686",13.0703901162507
"ENSG00000125691",16.1458462919
"ENSG00000125703",11.2674902518997
"ENSG00000125730",16.0872711407781
"ENSG00000125731",4.14854917917621
"ENSG00000125733",13.6857675797148
"ENSG00000125734",12.0044558460659
"ENSG00000125735",6.6510495197054
"ENSG00000125740",12.9200386486768
"ENSG00000125741",13.0443768795509
"ENSG00000125743",13.9128679072725
"ENSG00000125744",10.3251379108995
"ENSG00000125746",12.1579112823799
"ENSG00000125753",13.2421868175545
"ENSG00000125755",12.9134207699123
"ENSG00000125772",13.4994883607226
"ENSG00000125775",7.77304004408401
"ENSG00000125779",11.9407972088436
"ENSG00000125804",4.14854917917621
"ENSG00000125810",15.5989012882794
"ENSG00000125812",13.175533620275
"ENSG00000125814",11.4614321344606
"ENSG00000125817",13.1920322185922
"ENSG00000125818",13.8961827362443
"ENSG00000125821",12.2726704910054
"ENSG00000125826",12.492845087092
"ENSG00000125827",15.1817427262335
"ENSG00000125834",12.1579112823799
"ENSG00000125835",12.4779718106105
"ENSG00000125841",12.3067380725676
"ENSG00000125843",10.7972063552148
"ENSG00000125844",13.3925165061065
"ENSG00000125845",10.4644534864358
"ENSG00000125846",11.514871393422
"ENSG00000125848",6.95590410123382
"ENSG00000125851",9.07138131865375
"ENSG00000125863",13.2700826965162
"ENSG00000125864",6.26402639659615
"ENSG00000125868",16.7624153643827
"ENSG00000125869",2.56358667845506
"ENSG00000125870",13.0013387507787
"ENSG00000125871",11.7158715207616
"ENSG00000125875",13.0034175624365
"ENSG00000125877",11.6694951870262
"ENSG00000125878",11.0189138987596
"ENSG00000125885",11.0988620550759
"ENSG00000125895",9.92990889270087
"ENSG00000125898",7.77304004408401
"ENSG00000125901",12.2657593638206
"ENSG00000125910",6.47047727406358
"ENSG00000125912",11.5551085245308
"ENSG00000125931",5.73351167989737
"ENSG00000125944",14.5290102442652
"ENSG00000125945",10.9078825863709
"ENSG00000125952",13.0034175624365
"ENSG00000125962",10.9167335039531
"ENSG00000125965",2.56358667845506
"ENSG00000125966",6.47047727406358
"ENSG00000125967",12.5365664645213
"ENSG00000125968",13.9489098546309
"ENSG00000125970",13.7228273288667
"ENSG00000125971",13.7589588858578
"ENSG00000125977",13.9735079197047
"ENSG00000125991",14.0266000919048
"ENSG00000125995",12.1616391786167
"ENSG00000126001",11.4972773334073
"ENSG00000126003",11.8967420287657
"ENSG00000126005",12.2657593638206
"ENSG00000126012",14.0398265847789
"ENSG00000126016",10.5579401153139
"ENSG00000126062",12.1874681684685
"ENSG00000126067",13.5214142392888
"ENSG00000126070",12.6066139620496
"ENSG00000126088",13.4254490185142
"ENSG00000126091",11.9494490790965
"ENSG00000126106",10.9772146074792
"ENSG00000126107",12.3661030435763
"ENSG00000126214",12.3301155870539
"ENSG00000126215",7.92113868307314
"ENSG00000126216",12.4779718106105
"ENSG00000126217",14.2765435001526
"ENSG00000126218",9.80199141778014
"ENSG00000126226",13.6410700353146
"ENSG00000126243",9.55227136522722
"ENSG00000126246",5.37094160051266
"ENSG00000126247",15.6402352872493
"ENSG00000126249",9.66161876141559
"ENSG00000126254",11.8327133576045
"ENSG00000126261",14.2373374178931
"ENSG00000126262",4.88551477334242
"ENSG00000126264",8.23601202042655
"ENSG00000126267",15.6962470556023
"ENSG00000126351",13.6290028131316
"ENSG00000126353",4.14854917917621
"ENSG00000126368",10.2289225956402
"ENSG00000126391",11.6430714622819
"ENSG00000126432",15.0760802524001
"ENSG00000126453",9.76325902329142
"ENSG00000126456",12.0086015243235
"ENSG00000126457",13.7266073180359
"ENSG00000126458",13.6357192826223
"ENSG00000126460",5.73351167989737
"ENSG00000126461",11.4674685241912
"ENSG00000126464",9.96446611473724
"ENSG00000126467",6.81151419189864
"ENSG00000126500",6.02301829709235
"ENSG00000126522",10.4401036250201
"ENSG00000126524",15.6647416570556
"ENSG00000126561",12.2898048377873
"ENSG00000126581",14.0509242936622
"ENSG00000126602",13.4965395706498
"ENSG00000126603",10.5914926750249
"ENSG00000126653",13.3781691443613
"ENSG00000126698",14.0876385971729
"ENSG00000126705",11.4370307909704
"ENSG00000126709",11.4122096188844
"ENSG00000126746",12.4012146116265
"ENSG00000126749",12.4293199493068
"ENSG00000126756",13.0544375551954
"ENSG00000126759",8.49432401601794
"ENSG00000126767",12.4477571975635
"ENSG00000126768",12.3301155870539
"ENSG00000126773",13.6209015562378
"ENSG00000126775",13.0463946351817
"ENSG00000126777",16.0752158085235
"ENSG00000126785",12.4385680261088
"ENSG00000126787",6.26402639659615
"ENSG00000126790",10.8719257085945
"ENSG00000126803",12.0044558460659
"ENSG00000126804",12.7095188242756
"ENSG00000126814",11.2674902518997
"ENSG00000126821",11.514871393422
"ENSG00000126822",11.514871393422
"ENSG00000126838",8.79240536895094
"ENSG00000126858",13.4424039630693
"ENSG00000126860",10.2002112989987
"ENSG00000126861",6.02301829709235
"ENSG00000126870",13.2065409019354
"ENSG00000126878",14.4895119434279
"ENSG00000126882",11.9407972088436
"ENSG00000126883",12.776690898097
"ENSG00000126895",8.90343668133968
"ENSG00000126903",10.8627946968423
"ENSG00000126934",12.9992569393916
"ENSG00000126945",14.3729528862711
"ENSG00000126947",13.4530906418665
"ENSG00000126950",6.6510495197054
"ENSG00000126953",11.2535846498745
"ENSG00000126970",10.9772146074792
"ENSG00000127022",16.5213235693305
"ENSG00000127054",13.2683549178177
"ENSG00000127074",4.88551477334242
"ENSG00000127080",11.7754749730011
"ENSG00000127081",10.3383737380562
"ENSG00000127083",11.4308654181647
"ENSG00000127084",9.52937096311715
"ENSG00000127124",10.8719257085945
"ENSG00000127125",12.5480051372562
"ENSG00000127129",4.88551477334242
"ENSG00000127152",4.88551477334242
"ENSG00000127184",16.2392129823905
"ENSG00000127191",9.70313803085385
"ENSG00000127220",9.16349952064219
"ENSG00000127241",15.0491644493582
"ENSG00000127249",5.37094160051266
"ENSG00000127252",9.66161876141559
"ENSG00000127311",7.84898889731731
"ENSG00000127314",12.7791196782007
"ENSG00000127324",6.95590410123382
"ENSG00000127325",4.88551477334242
"ENSG00000127328",12.4719792992288
"ENSG00000127329",15.5784789205295
"ENSG00000127334",12.8455167054105
"ENSG00000127337",11.4431699280678
"ENSG00000127364",5.73351167989737
"ENSG00000127366",6.6510495197054
"ENSG00000127399",7.77304004408401
"ENSG00000127415",9.33177100323199
"ENSG00000127418",11.57760714877
"ENSG00000127419",10.7484620213633
"ENSG00000127445",12.7018584786273
"ENSG00000127452",11.1819721807137
"ENSG00000127463",13.4500453741588
"ENSG00000127472",14.4549906751201
"ENSG00000127481",14.677003289941
"ENSG00000127483",15.0145401431681
"ENSG00000127507",8.90343668133968
"ENSG00000127511",12.8197953669824
"ENSG00000127526",13.2262550539726
"ENSG00000127527",13.2940568156393
"ENSG00000127528",12.5762112173201
"ENSG00000127533",8.58595449148351
"ENSG00000127540",13.4712284821206
"ENSG00000127554",10.3773678696721
"ENSG00000127561",7.92113868307314
"ENSG00000127564",5.73351167989737
"ENSG00000127578",6.6510495197054
"ENSG00000127580",9.43395139803846
"ENSG00000127585",4.88551477334242
"ENSG00000127586",8.17829652257027
"ENSG00000127589",7.84898889731731
"ENSG00000127603",16.1026242903325
"ENSG00000127616",12.7018584786273
"ENSG00000127663",11.8696483678834
"ENSG00000127666",9.82097452114771
"ENSG00000127720",10.3773678696721
"ENSG00000127743",2.56358667845506
"ENSG00000127774",11.9835468563029
"ENSG00000127804",12.7347634761068
"ENSG00000127824",14.1109632419532
"ENSG00000127837",13.66621856731
"ENSG00000127838",13.1267829506718
"ENSG00000127863",14.5674559104341
"ENSG00000127870",12.7120632606333
"ENSG00000127884",14.8082478232193
"ENSG00000127903",6.26402639659615
"ENSG00000127914",14.262725303731
"ENSG00000127920",13.8950635003147
"ENSG00000127922",13.7253484217597
"ENSG00000127946",13.5671045905637
"ENSG00000127947",14.3897378932553
"ENSG00000127948",13.3717464513234
"ENSG00000127951",13.5170556406839
"ENSG00000127952",10.7284936051307
"ENSG00000127954",14.9540243680156
"ENSG00000127955",12.2999886097733
"ENSG00000127957",8.93862610980198
"ENSG00000127980",12.992993419969
"ENSG00000127989",10.6877079902842
"ENSG00000127990",12.6066139620496
"ENSG00000127993",11.2535846498745
"ENSG00000127995",13.2011172299804
"ENSG00000128000",13.0881283934909
"ENSG00000128011",2.56358667845506
"ENSG00000128016",13.8961827362443
"ENSG00000128039",10.9687281415914
"ENSG00000128045",10.0311922285381
"ENSG00000128050",13.1938538034818
"ENSG00000128052",14.3502647123457
"ENSG00000128059",10.5235886105231
"ENSG00000128159",12.4538509554762
"ENSG00000128185",11.6799306396925
"ENSG00000128191",12.5956324053859
"ENSG00000128203",6.02301829709235
"ENSG00000128218",4.88551477334242
"ENSG00000128228",9.83971108372929
"ENSG00000128245",14.0245544410255
"ENSG00000128262",9.92990889270087
"ENSG00000128266",9.82097452114771
"ENSG00000128268",10.9940392301206
"ENSG00000128271",5.73351167989737
"ENSG00000128272",14.9296356291257
"ENSG00000128274",12.6864146732627
"ENSG00000128283",11.1672130234412
"ENSG00000128284",13.028132428789
"ENSG00000128285",6.47047727406358
"ENSG00000128294",12.6066139620496
"ENSG00000128298",4.14854917917621
"ENSG00000128309",12.316803427634
"ENSG00000128311",11.9623303703932
"ENSG00000128313",5.37094160051266
"ENSG00000128335",12.5565250146209
"ENSG00000128340",7.77304004408401
"ENSG00000128342",9.57481393387831
"ENSG00000128346",6.26402639659615
"ENSG00000128383",2.56358667845506
"ENSG00000128394",8.86736742663216
"ENSG00000128463",13.3424851544634
"ENSG00000128482",8.93862610980198
"ENSG00000128487",11.8832587994021
"ENSG00000128512",12.570613945349
"ENSG00000128513",12.4447006391302
"ENSG00000128524",14.0856777473421
"ENSG00000128534",12.1653574668628
"ENSG00000128536",8.93862610980198
"ENSG00000128563",11.1220073917237
"ENSG00000128567",15.5230453248677
"ENSG00000128573",9.10274548956309
"ENSG00000128578",12.8031852077042
"ENSG00000128581",11.5664016940621
"ENSG00000128585",14.2266999869109
"ENSG00000128590",13.6437379880691
"ENSG00000128591",18.6450493114979
"ENSG00000128594",11.1296407166261
"ENSG00000128595",16.1781815072204
"ENSG00000128596",11.7107916033973
"ENSG00000128602",10.9342740852623
"ENSG00000128604",9.33177100323199
"ENSG00000128606",9.78275519891722
"ENSG00000128607",13.3109405079331
"ENSG00000128609",16.0102823091649
"ENSG00000128626",11.6747223486898
"ENSG00000128641",13.7088820133887
"ENSG00000128652",7.20744286822978
"ENSG00000128654",13.4129917794028
"ENSG00000128655",10.3773678696721
"ENSG00000128656",11.7803325366504
"ENSG00000128683",2.56358667845506
"ENSG00000128692",7.60798079781351
"ENSG00000128694",11.1372338659484
"ENSG00000128699",13.1847227917297
"ENSG00000128708",13.1324928329571
"ENSG00000128731",14.1952184843727
"ENSG00000128739",11.0674124164508
"ENSG00000128789",12.6992959645595
"ENSG00000128791",12.3725508533743
"ENSG00000128805",8.05543977478473
"ENSG00000128815",9.27783219612118
"ENSG00000128829",12.9222378793479
"ENSG00000128833",10.9772146074792
"ENSG00000128849",12.8978599637622
"ENSG00000128872",12.1429026160351
"ENSG00000128881",13.7589588858578
"ENSG00000128891",11.9277213334631
"ENSG00000128908",12.9134207699123
"ENSG00000128915",12.8639392387833
"ENSG00000128917",11.4370307909704
"ENSG00000128918",11.3869539185013
"ENSG00000128923",13.7809385837254
"ENSG00000128928",14.5512059903794
"ENSG00000128944",10.7583435328773
"ENSG00000128951",13.1532378249698
"ENSG00000128965",8.97297761459276
"ENSG00000128973",10.9687281415914
"ENSG00000128989",14.9932549435882
"ENSG00000129003",14.3255533738371
"ENSG00000129007",8.93862610980198
"ENSG00000129009",10.8627946968423
"ENSG00000129028",9.96446611473724
"ENSG00000129038",10.0949681389714
"ENSG00000129048",6.47047727406358
"ENSG00000129055",13.5755127447619
"ENSG00000129071",12.9740380299591
"ENSG00000129083",14.2373374178931
"ENSG00000129084",12.2518369875882
"ENSG00000129103",12.5480051372562
"ENSG00000129116",17.5178284359285
"ENSG00000129128",15.0471505665802
"ENSG00000129158",10.6242826101426
"ENSG00000129167",6.02301829709235
"ENSG00000129170",17.7478809221325
"ENSG00000129173",7.84898889731731
"ENSG00000129187",12.94621070503
"ENSG00000129194",8.29150713301826
"ENSG00000129195",6.6510495197054
"ENSG00000129197",13.0584422629463
"ENSG00000129204",5.37094160051266
"ENSG00000129214",5.73351167989737
"ENSG00000129219",11.2812631015215
"ENSG00000129235",12.0654238633574
"ENSG00000129244",10.0474024557193
"ENSG00000129245",14.2713771739839
"ENSG00000129250",16.7387463431226
"ENSG00000129255",12.3267990452695
"ENSG00000129270",7.84898889731731
"ENSG00000129277",8.29150713301826
"ENSG00000129282",9.59700967999251
"ENSG00000129292",14.4389520790968
"ENSG00000129295",8.71333379795974
"ENSG00000129315",12.7521755241624
"ENSG00000129317",10.6350490410117
"ENSG00000129347",11.6851201957951
"ENSG00000129351",14.7537200003199
"ENSG00000129353",14.5639388559354
"ENSG00000129355",10.7779057992558
"ENSG00000129422",15.7925556418578
"ENSG00000129437",5.37094160051266
"ENSG00000129450",9.74349576846999
"ENSG00000129460",12.2271447826723
"ENSG00000129465",9.38376564087025
"ENSG00000129467",13.4831949170583
"ENSG00000129472",12.2863942096246
"ENSG00000129473",13.8085450716062
"ENSG00000129474",11.5831774068129
"ENSG00000129480",10.6457357198089
"ENSG00000129484",11.7803325366504
"ENSG00000129493",12.9548302678825
"ENSG00000129515",14.0194275875815
"ENSG00000129518",12.216431651457
"ENSG00000129521",16.3017845178656
"ENSG00000129534",11.6215784012142
"ENSG00000129535",7.98985143315716
"ENSG00000129538",15.8357790400997
"ENSG00000129559",13.4682213001232
"ENSG00000129562",13.851876020636
"ENSG00000129566",12.4749786662985
"ENSG00000129595",12.2657593638206
"ENSG00000129596",10.0792865167391
"ENSG00000129625",15.5306327693182
"ENSG00000129636",14.3147122618223
"ENSG00000129646",8.67211113523323
"ENSG00000129657",14.9721817912532
"ENSG00000129667",11.288100531575
"ENSG00000129675",14.9609939228304
"ENSG00000129680",12.7546458929867
"ENSG00000129682",8.75341123733508
"ENSG00000129691",12.9633986377807
"ENSG00000129696",10.7484620213633
"ENSG00000129749",6.02301829709235
"ENSG00000129757",12.2483352988767
"ENSG00000129810",4.88551477334242
"ENSG00000129824",4.88551477334242
"ENSG00000129911",9.66161876141559
"ENSG00000129925",11.9793284467451
"ENSG00000129932",9.48244991572965
"ENSG00000129933",13.4254490185142
"ENSG00000129946",11.3151307375442
"ENSG00000129968",11.8605028853343
"ENSG00000129988",7.08714863451207
"ENSG00000129991",16.8206061389889
"ENSG00000129993",10.9078825863709
"ENSG00000130005",11.7754749730011
"ENSG00000130021",12.7095188242756
"ENSG00000130023",11.6536990981193
"ENSG00000130024",14.424285711067
"ENSG00000130032",8.83037321914996
"ENSG00000130035",6.26402639659615
"ENSG00000130037",9.82097452114771
"ENSG00000130038",8.71333379795974
"ENSG00000130052",12.6603018329436
"ENSG00000130054",11.3016789380755
"ENSG00000130066",15.5128662575317
"ENSG00000130119",11.7706009986326
"ENSG00000130147",12.6120735524474
"ENSG00000130150",11.9708544426998
"ENSG00000130158",13.0137669256198
"ENSG00000130159",13.5628820654785
"ENSG00000130164",12.8978599637622
"ENSG00000130165",12.1504264664169
"ENSG00000130175",13.1494881281458
"ENSG00000130176",15.0481578593709
"ENSG00000130177",13.31429366468
"ENSG00000130193",10.8536055253877
"ENSG00000130201",7.42156767358263
"ENSG00000130202",12.7669346814348
"ENSG00000130203",11.5887262407336
"ENSG00000130204",12.4809587579319
"ENSG00000130208",8.83037321914996
"ENSG00000130222",9.83971108372929
"ENSG00000130224",9.92990889270087
"ENSG00000130226",7.20744286822978
"ENSG00000130227",13.7699905924289
"ENSG00000130234",14.258379833455
"ENSG00000130244",10.6563438193749
"ENSG00000130254",12.0614385154062
"ENSG00000130255",14.1723035324756
"ENSG00000130270",8.17829652257027
"ENSG00000130294",7.84898889731731
"ENSG00000130299",10.2982962986809
"ENSG00000130300",11.8605028853343
"ENSG00000130303",13.1681399075341
"ENSG00000130304",12.4809587579319
"ENSG00000130305",11.1296407166261
"ENSG00000130307",11.5264826837923
"ENSG00000130309",13.3058961145391
"ENSG00000130311",12.0413449448989
"ENSG00000130312",12.9655328024316
"ENSG00000130313",10.4153357198711
"ENSG00000130332",10.8809992922199
"ENSG00000130338",11.3996370335131
"ENSG00000130340",13.7736491616953
"ENSG00000130347",11.8787362407114
"ENSG00000130348",12.7984041095724
"ENSG00000130349",12.180135522234
"ENSG00000130363",11.4184550617153
"ENSG00000130382",11.0433669424842
"ENSG00000130396",14.9604589969656
"ENSG00000130402",15.0278771523058
"ENSG00000130413",11.9708544426998
"ENSG00000130414",15.6518780358029
"ENSG00000130429",12.5016960046743
"ENSG00000130449",12.180135522234
"ENSG00000130475",2.56358667845506
"ENSG00000130477",7.60798079781351
"ENSG00000130479",9.43395139803846
"ENSG00000130489",10.2846858671622
"ENSG00000130508",13.4772241065042
"ENSG00000130511",10.4644534864358
"ENSG00000130513",6.02301829709235
"ENSG00000130517",12.7247185614394
"ENSG00000130518",9.458404441763
"ENSG00000130520",12.9045494427068
"ENSG00000130522",13.7527935130521
"ENSG00000130528",17.0580047890844
"ENSG00000130529",12.6655623494043
"ENSG00000130540",6.95590410123382
"ENSG00000130544",9.40907672939943
"ENSG00000130558",13.0564412986298
"ENSG00000130559",12.4659617929411
"ENSG00000130560",13.6766776618974
"ENSG00000130584",11.6589837012476
"ENSG00000130589",11.0271110517262
"ENSG00000130590",9.03932010942146
"ENSG00000130592",10.2570736359544
"ENSG00000130595",12.362868299977
"ENSG00000130598",4.88551477334242
"ENSG00000130600",16.9132134712496
"ENSG00000130635",12.570613945349
"ENSG00000130638",14.2868209793484
"ENSG00000130640",12.7936071141607
"ENSG00000130649",7.42156767358263
"ENSG00000130653",10.9856514446279
"ENSG00000130669",10.0634325655383
"ENSG00000130684",12.4231214648377
"ENSG00000130695",12.8431972595075
"ENSG00000130699",10.6350490410117
"ENSG00000130700",4.88551477334242
"ENSG00000130702",13.9017659283552
"ENSG00000130703",12.8730630322962
"ENSG00000130706",12.2999886097733
"ENSG00000130707",13.5243126732941
"ENSG00000130713",12.1353393219586
"ENSG00000130714",12.1911205629278
"ENSG00000130717",12.3367258851747
"ENSG00000130720",4.14854917917621
"ENSG00000130723",14.6487271401568
"ENSG00000130724",13.6410700353146
"ENSG00000130725",13.0075662210563
"ENSG00000130726",13.3126180604953
"ENSG00000130731",11.7948078591662
"ENSG00000130733",10.8350497063594
"ENSG00000130734",11.7657105022855
"ENSG00000130741",14.2961781144201
"ENSG00000130748",7.84898889731731
"ENSG00000130749",11.4674685241912
"ENSG00000130755",10.9167335039531
"ENSG00000130758",10.3773678696721
"ENSG00000130762",7.42156767358263
"ENSG00000130764",13.0939930155541
"ENSG00000130766",9.3050536648562
"ENSG00000130770",14.2739626496595
"ENSG00000130772",10.2846858671622
"ENSG00000130775",12.1162557759693
"ENSG00000130779",14.8891732236656
"ENSG00000130783",5.73351167989737
"ENSG00000130787",12.3980577284393
"ENSG00000130803",11.5380012682606
"ENSG00000130810",7.84898889731731
"ENSG00000130811",13.6792806306521
"ENSG00000130813",11.3869539185013
"ENSG00000130816",12.2588149699508
"ENSG00000130818",10.9342740852623
"ENSG00000130821",14.6286661674549
"ENSG00000130822",9.3050536648562
"ENSG00000130826",12.8127001311688
"ENSG00000130827",11.4184550617153
"ENSG00000130830",12.8616492461741
"ENSG00000130844",16.1416054934294
"ENSG00000130856",11.4122096188844
"ENSG00000130881",9.70313803085385
"ENSG00000130921",10.9940392301206
"ENSG00000130935",12.9310014297019
"ENSG00000130939",13.5921834555222
"ENSG00000130940",12.6390658279431
"ENSG00000130943",6.47047727406358
"ENSG00000130948",7.77304004408401
"ENSG00000130956",13.3375500468886
"ENSG00000130958",12.146669445958
"ENSG00000130962",12.4293199493068
"ENSG00000130985",15.0212240594468
"ENSG00000130988",11.6694951870262
"ENSG00000130997",8.34494639197972
"ENSG00000131013",12.2200115417328
"ENSG00000131015",8.1181755301327
"ENSG00000131016",15.1600094091726
"ENSG00000131018",15.7342941798031
"ENSG00000131019",6.81151419189864
"ENSG00000131023",12.5817868572683
"ENSG00000131037",7.31847418061853
"ENSG00000131042",9.72345801523345
"ENSG00000131043",12.6655623494043
"ENSG00000131044",4.14854917917621
"ENSG00000131051",15.6949613742956
"ENSG00000131055",10.6773288445042
"ENSG00000131061",8.90343668133968
"ENSG00000131067",12.7839650061503
"ENSG00000131069",14.2756837295426
"ENSG00000131080",8.62967586891283
"ENSG00000131089",13.6343784878781
"ENSG00000131094",7.08714863451207
"ENSG00000131095",9.91231483268614
"ENSG00000131097",11.8138850963614
"ENSG00000131100",15.3763656500827
"ENSG00000131115",10.5351302324058
"ENSG00000131116",11.4370307909704
"ENSG00000131127",11.1066184987103
"ENSG00000131143",16.7788921536833
"ENSG00000131148",12.0250661257412
"ENSG00000131149",13.0604404558431
"ENSG00000131153",6.26402639659615
"ENSG00000131165",12.7247185614394
"ENSG00000131171",13.5501398282117
"ENSG00000131174",16.03259247089
"ENSG00000131188",4.88551477334242
"ENSG00000131196",11.1220073917237
"ENSG00000131203",6.26402639659615
"ENSG00000131236",14.9405260000749
"ENSG00000131238",14.1658215797961
"ENSG00000131242",10.3251379108995
"ENSG00000131263",13.4051510261856
"ENSG00000131269",13.0703901162507
"ENSG00000131323",10.6134352279056
"ENSG00000131351",9.40907672939943
"ENSG00000131368",14.5440833146385
"ENSG00000131370",13.1075851285896
"ENSG00000131373",11.4913646405374
"ENSG00000131374",13.1513641947833
"ENSG00000131375",12.8197953669824
"ENSG00000131378",13.8156607212512
"ENSG00000131379",5.73351167989737
"ENSG00000131381",12.6337076229319
"ENSG00000131386",13.4787191274057
"ENSG00000131389",14.0225058854226
"ENSG00000131398",9.82097452114771
"ENSG00000131400",6.6510495197054
"ENSG00000131401",4.88551477334242
"ENSG00000131408",12.7863815813232
"ENSG00000131409",7.92113868307314
"ENSG00000131435",9.38376564087025
"ENSG00000131437",12.2306982205301
"ENSG00000131446",14.0132512169312
"ENSG00000131459",12.2518369875882
"ENSG00000131462",12.180135522234
"ENSG00000131467",13.5990731297472
"ENSG00000131469",15.5567019781342
"ENSG00000131470",8.79240536895094
"ENSG00000131471",13.1381802057927
"ENSG00000131473",13.5586471454878
"ENSG00000131475",13.0920407892198
"ENSG00000131477",12.3334245220845
"ENSG00000131480",7.20744286822978
"ENSG00000131495",13.8061653679064
"ENSG00000131503",9.76325902329142
"ENSG00000131504",14.8504331811909
"ENSG00000131507",14.790299903074
"ENSG00000131508",13.9788002772203
"ENSG00000131558",13.2562021801496
"ENSG00000131584",12.4043646020501
"ENSG00000131591",8.71333379795974
"ENSG00000131620",12.2795486687102
"ENSG00000131626",13.1865536232456
"ENSG00000131634",12.3267990452695
"ENSG00000131652",10.6242826101426
"ENSG00000131653",11.9145258600015
"ENSG00000131669",11.8650828734376
"ENSG00000131697",10.4523299273533
"ENSG00000131711",15.0621866072253
"ENSG00000131724",13.6543607330958
"ENSG00000131725",12.4200122070806
"ENSG00000131730",17.3518461954252
"ENSG00000131732",11.3612482043088
"ENSG00000131747",9.85820742734668
"ENSG00000131748",11.514871393422
"ENSG00000131759",11.3741583131962
"ENSG00000131771",9.27783219612118
"ENSG00000131773",10.8719257085945
"ENSG00000131778",12.2898048377873
"ENSG00000131779",12.3531203234254
"ENSG00000131781",9.00653017430379
"ENSG00000131788",12.4043646020501
"ENSG00000131791",13.5472928711144
"ENSG00000131795",13.8109208564838
"ENSG00000131797",9.99821490609178
"ENSG00000131828",16.118774929801
"ENSG00000131831",12.7372638147585
"ENSG00000131844",15.0324652322745
"ENSG00000131845",11.7608033715651
"ENSG00000131848",10.0949681389714
"ENSG00000131849",10.2289225956402
"ENSG00000131871",13.1476096187126
"ENSG00000131873",13.4530906418665
"ENSG00000131876",12.3334245220845
"ENSG00000131899",11.3933094135411
"ENSG00000131910",9.07138131865375
"ENSG00000131931",11.3933094135411
"ENSG00000131941",8.67211113523323
"ENSG00000131943",12.4839395338701
"ENSG00000131944",7.60798079781351
"ENSG00000131966",14.1461991297221
"ENSG00000131979",10.6773288445042
"ENSG00000131981",14.7721258851934
"ENSG00000132000",7.20744286822978
"ENSG00000132002",12.8821294881578
"ENSG00000132003",8.3964766926198
"ENSG00000132004",8.1181755301327
"ENSG00000132005",9.16349952064219
"ENSG00000132010",6.02301829709235
"ENSG00000132016",6.81151419189864
"ENSG00000132017",10.5235886105231
"ENSG00000132024",11.4734797622251
"ENSG00000132031",9.13344228678601
"ENSG00000132109",11.1746114757624
"ENSG00000132122",11.0832229312983
"ENSG00000132128",13.4145548294375
"ENSG00000132141",8.86736742663216
"ENSG00000132142",12.3917231626492
"ENSG00000132153",13.2821195545243
"ENSG00000132155",15.2139653138528
"ENSG00000132170",11.9451296296396
"ENSG00000132182",10.8256815238252
"ENSG00000132185",6.26402639659615
"ENSG00000132196",9.52937096311715
"ENSG00000132199",13.835633202845
"ENSG00000132205",13.2648931404137
"ENSG00000132254",12.3563769727561
"ENSG00000132256",11.6483950662594
"ENSG00000132274",12.1874681684685
"ENSG00000132275",11.9145258600015
"ENSG00000132286",12.073361682782
"ENSG00000132294",14.1574446173133
"ENSG00000132300",14.7262926969375
"ENSG00000132305",15.5299118723433
"ENSG00000132313",14.2320285065081
"ENSG00000132321",6.95590410123382
"ENSG00000132323",12.172765416597
"ENSG00000132326",11.5437262560942
"ENSG00000132329",13.5387181353764
"ENSG00000132330",8.34494639197972
"ENSG00000132334",13.2368957540168
"ENSG00000132341",15.1044412105687
"ENSG00000132356",14.3021012108843
"ENSG00000132357",11.0594417053422
"ENSG00000132359",12.9992569393916
"ENSG00000132361",13.804974042454
"ENSG00000132376",12.9591208139174
"ENSG00000132382",11.7005777905353
"ENSG00000132383",13.3636776660801
"ENSG00000132386",14.4670919888789
"ENSG00000132388",13.9183870228057
"ENSG00000132394",11.3805703017104
"ENSG00000132405",13.7453601172639
"ENSG00000132406",11.9708544426998
"ENSG00000132423",12.5734152958232
"ENSG00000132424",15.3061066501164
"ENSG00000132429",12.9633986377807
"ENSG00000132432",13.2838309367426
"ENSG00000132434",11.4614321344606
"ENSG00000132436",10.6350490410117
"ENSG00000132463",14.750010475994
"ENSG00000132464",10.3773678696721
"ENSG00000132465",8.23601202042655
"ENSG00000132466",14.5261212419663
"ENSG00000132467",12.5565250146209
"ENSG00000132470",11.1066184987103
"ENSG00000132471",14.479092640687
"ENSG00000132475",16.4171886424077
"ENSG00000132478",11.9623303703932
"ENSG00000132481",10.9255304521903
"ENSG00000132485",14.6028484727961
"ENSG00000132498",4.14854917917621
"ENSG00000132507",14.7400715257469
"ENSG00000132510",11.8696483678834
"ENSG00000132514",10.6242826101426
"ENSG00000132522",7.98985143315716
"ENSG00000132530",13.2752536520194
"ENSG00000132535",11.514871393422
"ENSG00000132541",12.6202243935683
"ENSG00000132549",13.1095164475405
"ENSG00000132554",5.37094160051266
"ENSG00000132561",12.5422971375614
"ENSG00000132563",10.6134352279056
"ENSG00000132570",11.7410062164443
"ENSG00000132581",12.6337076229319
"ENSG00000132589",13.6222549287956
"ENSG00000132591",13.0624358849868
"ENSG00000132600",11.4794660572908
"ENSG00000132603",11.4972773334073
"ENSG00000132604",12.0812560665889
"ENSG00000132612",13.3325979995521
"ENSG00000132613",12.4012146116265
"ENSG00000132622",12.1085511112443
"ENSG00000132623",8.3964766926198
"ENSG00000132635",11.7107916033973
"ENSG00000132639",7.51778298884193
"ENSG00000132640",13.2173274571616
"ENSG00000132646",12.2692190658165
"ENSG00000132661",9.99821490609178
"ENSG00000132664",11.4431699280678
"ENSG00000132669",13.1114451845135
"ENSG00000132670",13.1956730912902
"ENSG00000132676",14.2426268648481
"ENSG00000132680",13.1267829506718
"ENSG00000132681",6.95590410123382
"ENSG00000132688",15.8410193870451
"ENSG00000132692",7.08714863451207
"ENSG00000132694",13.2631591317423
"ENSG00000132702",7.42156767358263
"ENSG00000132716",14.2868209793484
"ENSG00000132718",14.0173717339512
"ENSG00000132740",10.7681578227043
"ENSG00000132749",5.73351167989737
"ENSG00000132763",11.1672130234412
"ENSG00000132768",11.7107916033973
"ENSG00000132773",10.8162521109053
"ENSG00000132780",14.0549387520185
"ENSG00000132781",10.476476014685
"ENSG00000132792",12.5901101209748
"ENSG00000132793",13.0703901162507
"ENSG00000132801",8.83037321914996
"ENSG00000132819",11.6694951870262
"ENSG00000132821",10.2430667779605
"ENSG00000132823",12.9310014297019
"ENSG00000132824",15.2013436238672
"ENSG00000132825",10.806760661928
"ENSG00000132837",9.3050536648562
"ENSG00000132840",11.6483950662594
"ENSG00000132842",13.0342455525156
"ENSG00000132846",11.3350761479557
"ENSG00000132849",14.437415253342
"ENSG00000132854",5.37094160051266
"ENSG00000132874",4.88551477334242
"ENSG00000132879",11.892261605783
"ENSG00000132881",7.84898889731731
"ENSG00000132906",12.0930172326012
"ENSG00000132912",14.0964295894163
"ENSG00000132915",6.02301829709235
"ENSG00000132932",6.6510495197054
"ENSG00000132938",13.228033963003
"ENSG00000132950",11.3677176996384
"ENSG00000132952",12.216431651457
"ENSG00000132953",13.9596562360949
"ENSG00000132963",14.3984527168171
"ENSG00000132964",11.3996370335131
"ENSG00000132965",12.296602000141
"ENSG00000132967",10.9516039638002
"ENSG00000132970",12.3725508533743
"ENSG00000132975",7.51778298884193
"ENSG00000133019",6.26402639659615
"ENSG00000133026",13.4576465247291
"ENSG00000133027",9.96446611473724
"ENSG00000133028",12.5649948728479
"ENSG00000133030",15.6227621163702
"ENSG00000133048",13.4515688115135
"ENSG00000133056",12.5308129372911
"ENSG00000133059",12.2413063200961
"ENSG00000133063",4.88551477334242
"ENSG00000133065",15.6680216290058
"ENSG00000133067",8.71333379795974
"ENSG00000133069",8.34494639197972
"ENSG00000133083",11.9233362387774
"ENSG00000133101",4.88551477334242
"ENSG00000133103",12.8315437628579
"ENSG00000133104",13.7601888049782
"ENSG00000133106",10.0311922285381
"ENSG00000133107",8.93862610980198
"ENSG00000133110",14.1424310700133
"ENSG00000133111",10.5351302324058
"ENSG00000133112",18.4765461647741
"ENSG00000133114",11.9961285788433
"ENSG00000133116",9.72345801523345
"ENSG00000133119",11.21104510491
"ENSG00000133121",13.2439462019688
"ENSG00000133131",11.3084205159546
"ENSG00000133134",11.0753393322224
"ENSG00000133135",4.14854917917621
"ENSG00000133136",7.69286969540002
"ENSG00000133138",11.0106699046647
"ENSG00000133142",14.2487734750504
"ENSG00000133169",9.64040227550589
"ENSG00000133193",11.9189377748799
"ENSG00000133195",10.8350497063594
"ENSG00000133216",6.81151419189864
"ENSG00000133226",14.0609395719321
"ENSG00000133243",11.7107916033973
"ENSG00000133246",6.47047727406358
"ENSG00000133247",9.27783219612118
"ENSG00000133250",8.29150713301826
"ENSG00000133256",10.0949681389714
"ENSG00000133265",11.3084205159546
"ENSG00000133275",11.3350761479557
"ENSG00000133302",11.3016789380755
"ENSG00000133313",13.7990026140576
"ENSG00000133315",12.0693982323747
"ENSG00000133316",11.5437262560942
"ENSG00000133317",9.43395139803846
"ENSG00000133318",13.9028799786352
"ENSG00000133321",9.83971108372929
"ENSG00000133328",4.88551477334242
"ENSG00000133392",15.1126493370255
"ENSG00000133393",12.7272363544709
"ENSG00000133398",11.892261605783
"ENSG00000133401",14.5217768621488
"ENSG00000133422",11.9189377748799
"ENSG00000133424",14.9513347791664
"ENSG00000133433",7.51778298884193
"ENSG00000133454",16.4988438277135
"ENSG00000133460",12.2692190658165
"ENSG00000133466",8.58595449148351
"ENSG00000133477",9.66161876141559
"ENSG00000133561",13.541582047068
"ENSG00000133574",13.3893405113382
"ENSG00000133597",10.402790466552
"ENSG00000133606",14.3180566737307
"ENSG00000133612",11.6694951870262
"ENSG00000133619",12.9331840247337
"ENSG00000133624",11.7209336138179
"ENSG00000133627",10.4883991820608
"ENSG00000133639",13.9851255853033
"ENSG00000133640",5.37094160051266
"ENSG00000133641",12.2898048377873
"ENSG00000133657",15.4608649258663
"ENSG00000133661",7.51778298884193
"ENSG00000133678",10.5914926750249
"ENSG00000133687",14.9758918834103
"ENSG00000133703",12.9067723939029
"ENSG00000133704",13.6100286264624
"ENSG00000133706",14.759266463951
"ENSG00000133710",11.1220073917237
"ENSG00000133731",13.7663227217052
"ENSG00000133739",11.3350761479557
"ENSG00000133740",8.83037321914996
"ENSG00000133773",11.9793284467451
"ENSG00000133789",13.8984186065731
"ENSG00000133794",12.7546458929867
"ENSG00000133800",15.5345912765285
"ENSG00000133805",9.82097452114771
"ENSG00000133808",4.88551477334242
"ENSG00000133812",13.5257597095648
"ENSG00000133816",13.5199628357047
"ENSG00000133818",13.4831949170583
"ENSG00000133835",15.4885847019018
"ENSG00000133858",13.5656984549349
"ENSG00000133872",15.7163468472305
"ENSG00000133874",12.7372638147585
"ENSG00000133878",13.4697256746504
"ENSG00000133884",12.9676638146963
"ENSG00000133895",10.7972063552148
"ENSG00000133935",11.9877529672732
"ENSG00000133937",4.88551477334242
"ENSG00000133943",14.860789560952
"ENSG00000133958",7.98985143315716
"ENSG00000133961",13.5155998433445
"ENSG00000133962",8.34494639197972
"ENSG00000133983",11.7509387516556
"ENSG00000133985",9.61886911395625
"ENSG00000133997",11.21104510491
"ENSG00000134001",13.9435064961016
"ENSG00000134007",6.02301829709235
"ENSG00000134013",11.3151307375442
"ENSG00000134014",12.4958014304234
"ENSG00000134020",14.6137754460515
"ENSG00000134030",13.4485203264048
"ENSG00000134042",8.05543977478473
"ENSG00000134046",13.2047352758663
"ENSG00000134049",12.3101009995935
"ENSG00000134056",13.9542930513278
"ENSG00000134057",9.00653017430379
"ENSG00000134058",11.509030514833
"ENSG00000134061",9.13344228678601
"ENSG00000134070",8.90343668133968
"ENSG00000134072",11.6483950662594
"ENSG00000134077",12.8956232268167
"ENSG00000134086",12.2932074220081
"ENSG00000134107",13.9788002772203
"ENSG00000134108",14.4820772707474
"ENSG00000134109",12.6915809994315
"ENSG00000134121",11.3084205159546
"ENSG00000134138",12.9761565252603
"ENSG00000134146",11.7310048242868
"ENSG00000134152",12.2553301976263
"ENSG00000134153",13.4682213001232
"ENSG00000134184",4.88551477334242
"ENSG00000134186",13.3813698002296
"ENSG00000134198",11.892261605783
"ENSG00000134201",7.60798079781351
"ENSG00000134202",14.1888389002019
"ENSG00000134215",10.1856384979114
"ENSG00000134222",7.51778298884193
"ENSG00000134240",13.1037147170372
"ENSG00000134242",8.75341123733508
"ENSG00000134243",15.7637189930198
"ENSG00000134245",10.4153357198711
"ENSG00000134247",14.0479061020993
"ENSG00000134248",14.4165062635791
"ENSG00000134250",13.3652950373715
"ENSG00000134253",10.9516039638002
"ENSG00000134255",12.3201430009791
"ENSG00000134256",6.81151419189864
"ENSG00000134259",10.476476014685
"ENSG00000134262",12.1008050789937
"ENSG00000134265",13.60866373039
"ENSG00000134278",13.8367994883094
"ENSG00000134283",12.9719164192224
"ENSG00000134285",9.68252775117857
"ENSG00000134287",13.4802126006663
"ENSG00000134291",13.2351277451669
"ENSG00000134294",16.2971316822121
"ENSG00000134297",8.4462297278169
"ENSG00000134308",15.2866076102671
"ENSG00000134313",14.9416105293805
"ENSG00000134317",8.93862610980198
"ENSG00000134318",13.9161819095894
"ENSG00000134321",10.0147977902874
"ENSG00000134323",5.73351167989737
"ENSG00000134324",14.1310674795981
"ENSG00000134326",10.0474024557193
"ENSG00000134330",13.7378882229227
"ENSG00000134333",16.4743230873794
"ENSG00000134343",6.95590410123382
"ENSG00000134352",15.889032685451
"ENSG00000134363",9.55227136522722
"ENSG00000134369",14.5772582925137
"ENSG00000134371",13.4362615587257
"ENSG00000134375",14.2069919555707
"ENSG00000134376",5.37094160051266
"ENSG00000134419",14.3321845606494
"ENSG00000134440",15.3203514678592
"ENSG00000134444",13.3909293826892
"ENSG00000134452",14.262725303731
"ENSG00000134453",14.3346634187179
"ENSG00000134460",10.2430667779605
"ENSG00000134461",9.22179816120685
"ENSG00000134463",13.1362869049423
"ENSG00000134470",11.3350761479557
"ENSG00000134480",12.5192365859834
"ENSG00000134489",5.37094160051266
"ENSG00000134490",9.72345801523345
"ENSG00000134504",10.390135165746
"ENSG00000134508",9.13344228678601
"ENSG00000134516",11.0023785310333
"ENSG00000134531",16.0006885073635
"ENSG00000134532",9.458404441763
"ENSG00000134533",11.4246735844505
"ENSG00000134539",6.81151419189864
"ENSG00000134545",7.42156767358263
"ENSG00000134548",11.4794660572908
"ENSG00000134569",13.1267829506718
"ENSG00000134571",18.9677469935162
"ENSG00000134574",10.2982962986809
"ENSG00000134575",12.296602000141
"ENSG00000134590",14.7199858233266
"ENSG00000134594",7.31847418061853
"ENSG00000134597",11.7410062164443
"ENSG00000134602",9.52937096311715
"ENSG00000134627",8.3964766926198
"ENSG00000134644",13.9017659283552
"ENSG00000134684",12.9655328024316
"ENSG00000134686",14.7715161239667
"ENSG00000134690",7.31847418061853
"ENSG00000134697",13.0900859175916
"ENSG00000134698",13.5586471454878
"ENSG00000134709",11.4492830517945
"ENSG00000134716",15.2313635168485
"ENSG00000134717",13.3909293826892
"ENSG00000134744",13.2509623618925
"ENSG00000134748",12.6812297798441
"ENSG00000134755",12.8662256022426
"ENSG00000134758",11.4972773334073
"ENSG00000134759",13.8460959846959
"ENSG00000134760",7.60798079781351
"ENSG00000134762",8.1181755301327
"ENSG00000134765",9.38376564087025
"ENSG00000134769",14.9927318489338
"ENSG00000134775",15.4941392327912
"ENSG00000134779",13.1152949400757
"ENSG00000134780",9.35800254480516
"ENSG00000134802",11.1819721807137
"ENSG00000134809",12.2020225924455
"ENSG00000134815",10.5351302324058
"ENSG00000134817",11.3416638079904
"ENSG00000134824",11.1523013140373
"ENSG00000134825",13.0544375551954
"ENSG00000134830",8.75341123733508
"ENSG00000134851",13.7699905924289
"ENSG00000134852",13.5228641841756
"ENSG00000134853",13.3555634993537
"ENSG00000134864",8.54086660195497
"ENSG00000134871",15.5424758548166
"ENSG00000134873",7.08714863451207
"ENSG00000134874",10.698012998676
"ENSG00000134882",13.0723718405196
"ENSG00000134884",14.4366462261165
"ENSG00000134897",12.5678071447733
"ENSG00000134899",11.3016789380755
"ENSG00000134900",13.4712284821206
"ENSG00000134901",10.6134352279056
"ENSG00000134905",12.4629436013782
"ENSG00000134909",11.6161547292592
"ENSG00000134910",13.7024983965978
"ENSG00000134917",6.6510495197054
"ENSG00000134954",15.0015987661062
"ENSG00000134955",8.83037321914996
"ENSG00000134962",9.00653017430379
"ENSG00000134970",14.3543424285734
"ENSG00000134982",13.0842053590113
"ENSG00000134986",12.8150690890753
"ENSG00000134987",12.7912026218693
"ENSG00000134996",12.1008050789937
"ENSG00000135002",12.8593556128756
"ENSG00000135018",14.691258645494
"ENSG00000135040",11.9145258600015
"ENSG00000135045",9.87646963373941
"ENSG00000135046",14.5959768473216
"ENSG00000135047",14.9153541224149
"ENSG00000135048",12.9331840247337
"ENSG00000135049",12.99089952259
"ENSG00000135052",11.0674124164508
"ENSG00000135063",11.9537556346552
"ENSG00000135069",7.51778298884193
"ENSG00000135070",14.1639642315629
"ENSG00000135074",12.4749786662985
"ENSG00000135077",10.6457357198089
"ENSG00000135083",9.94729097092911
"ENSG00000135090",13.1883821343153
"ENSG00000135093",11.3612482043088
"ENSG00000135094",6.02301829709235
"ENSG00000135097",9.85820742734668
"ENSG00000135108",13.9391691909456
"ENSG00000135111",12.8268558788277
"ENSG00000135114",7.60798079781351
"ENSG00000135116",7.92113868307314
"ENSG00000135119",7.51778298884193
"ENSG00000135124",11.2324716627213
"ENSG00000135127",4.14854917917621
"ENSG00000135144",8.83037321914996
"ENSG00000135148",13.228033963003
"ENSG00000135164",13.9337291579505
"ENSG00000135185",10.6025056677474
"ENSG00000135205",10.0474024557193
"ENSG00000135211",10.9342740852623
"ENSG00000135213",11.9277213334631
"ENSG00000135218",18.2821463104898
"ENSG00000135241",13.997693607065
"ENSG00000135245",10.4401036250201
"ENSG00000135249",12.2657593638206
"ENSG00000135250",12.6708037540464
"ENSG00000135253",7.51778298884193
"ENSG00000135269",13.1152949400757
"ENSG00000135272",13.5656984549349
"ENSG00000135297",12.2306982205301
"ENSG00000135298",9.5061011837943
"ENSG00000135299",11.4854276155295
"ENSG00000135314",6.26402639659615
"ENSG00000135315",10.8627946968423
"ENSG00000135316",14.632700740229
"ENSG00000135317",13.0301730161743
"ENSG00000135318",9.92990889270087
"ENSG00000135324",6.02301829709235
"ENSG00000135333",10.5914926750249
"ENSG00000135334",12.4987517280588
"ENSG00000135336",12.9178360604003
"ENSG00000135338",10.4401036250201
"ENSG00000135341",13.4285465935977
"ENSG00000135362",7.98985143315716
"ENSG00000135363",10.9601914596369
"ENSG00000135365",12.4839395338701
"ENSG00000135372",12.7095188242756
"ENSG00000135373",2.56358667845506
"ENSG00000135378",9.16349952064219
"ENSG00000135387",14.7319454056789
"ENSG00000135390",15.4147500916752
"ENSG00000135392",12.2271447826723
"ENSG00000135404",15.9382186647418
"ENSG00000135406",5.73351167989737
"ENSG00000135407",9.83971108372929
"ENSG00000135409",6.26402639659615
"ENSG00000135414",12.3725508533743
"ENSG00000135423",7.60798079781351
"ENSG00000135424",16.2447152584761
"ENSG00000135426",6.6510495197054
"ENSG00000135436",6.26402639659615
"ENSG00000135437",8.83037321914996
"ENSG00000135439",11.6483950662594
"ENSG00000135441",11.5551085245308
"ENSG00000135446",13.3781691443613
"ENSG00000135447",13.6031911964088
"ENSG00000135451",6.95590410123382
"ENSG00000135452",13.2209051280363
"ENSG00000135454",10.6350490410117
"ENSG00000135457",12.6760261852366
"ENSG00000135469",15.0339913555207
"ENSG00000135472",10.1258291026761
"ENSG00000135473",13.6236070329629
"ENSG00000135476",7.08714863451207
"ENSG00000135480",7.92113868307314
"ENSG00000135482",9.74349576846999
"ENSG00000135486",16.1818574580353
"ENSG00000135502",11.8186152482738
"ENSG00000135503",12.194763734159
"ENSG00000135506",14.8710721270445
"ENSG00000135517",4.14854917917621
"ENSG00000135519",5.73351167989737
"ENSG00000135521",12.362868299977
"ENSG00000135525",9.03932010942146
"ENSG00000135535",15.4151405368848
"ENSG00000135537",10.6668744868671
"ENSG00000135540",12.3789699742686
"ENSG00000135541",12.0930172326012
"ENSG00000135547",12.0693982323747
"ENSG00000135549",7.42156767358263
"ENSG00000135587",9.59700967999251
"ENSG00000135596",12.5075665927988
"ENSG00000135597",13.0504217000181
"ENSG00000135604",10.476476014685
"ENSG00000135605",9.57481393387831
"ENSG00000135617",13.0158279188859
"ENSG00000135622",10.2982962986809
"ENSG00000135624",15.0927731837059
"ENSG00000135631",12.7447389353206
"ENSG00000135632",12.2588149699508
"ENSG00000135636",13.6343784878781
"ENSG00000135637",9.91231483268614
"ENSG00000135643",10.214638369634
"ENSG00000135655",14.2114947527369
"ENSG00000135677",15.2887398823681
"ENSG00000135678",13.3972674271098
"ENSG00000135679",12.8315437628579
"ENSG00000135686",13.2457034434051
"ENSG00000135698",11.3741583131962
"ENSG00000135702",5.37094160051266
"ENSG00000135709",11.5380012682606
"ENSG00000135720",15.0083427681501
"ENSG00000135722",8.71333379795974
"ENSG00000135723",12.4508072939234
"ENSG00000135736",8.58595449148351
"ENSG00000135740",9.16349952064219
"ENSG00000135744",14.3354887591528
"ENSG00000135747",8.97297761459276
"ENSG00000135749",8.49432401601794
"ENSG00000135750",11.4431699280678
"ENSG00000135763",11.0433669424842
"ENSG00000135766",14.7079262697029
"ENSG00000135773",2.56358667845506
"ENSG00000135775",12.492845087092
"ENSG00000135776",12.0574421276959
"ENSG00000135778",12.683824555797
"ENSG00000135801",12.2588149699508
"ENSG00000135821",16.8688647010189
"ENSG00000135823",11.6107105905691
"ENSG00000135828",10.390135165746
"ENSG00000135829",14.4196230782742
"ENSG00000135835",9.98143919334096
"ENSG00000135837",13.5935640250446
"ENSG00000135838",11.196581875598
"ENSG00000135842",16.5027067135938
"ENSG00000135845",12.0812560665889
"ENSG00000135847",11.8512990580045
"ENSG00000135862",16.117575881327
"ENSG00000135870",12.7272363544709
"ENSG00000135898",4.14854917917621
"ENSG00000135899",11.4614321344606
"ENSG00000135900",12.8055698281494
"ENSG00000135905",10.0311922285381
"ENSG00000135912",11.1746114757624
"ENSG00000135913",11.6536990981193
"ENSG00000135914",8.34494639197972
"ENSG00000135916",13.4300928906813
"ENSG00000135917",9.78275519891722
"ENSG00000135919",12.944047743544
"ENSG00000135924",13.9369956386838
"ENSG00000135926",14.7431848093049
"ENSG00000135929",10.7779057992558
"ENSG00000135930",13.7869850931667
"ENSG00000135931",9.458404441763
"ENSG00000135932",14.5863012514998
"ENSG00000135940",15.3178478749691
"ENSG00000135945",14.218670123653
"ENSG00000135951",8.58595449148351
"ENSG00000135953",9.66161876141559
"ENSG00000135956",14.5326133806058
"ENSG00000135966",11.9961285788433
"ENSG00000135968",13.0939930155541
"ENSG00000135972",13.5082987394985
"ENSG00000135974",12.120092733127
"ENSG00000135976",10.2709458105359
"ENSG00000135999",12.6229311392795
"ENSG00000136002",8.3964766926198
"ENSG00000136003",15.6917421493943
"ENSG00000136010",10.5119539100397
"ENSG00000136011",6.47047727406358
"ENSG00000136014",8.54086660195497
"ENSG00000136021",13.2439462019688
"ENSG00000136026",13.4561294951036
"ENSG00000136040",11.0023785310333
"ENSG00000136044",12.5734152958232
"ENSG00000136045",12.6256328161755
"ENSG00000136048",12.0614385154062
"ENSG00000136051",13.659642917636
"ENSG00000136052",8.54086660195497
"ENSG00000136059",9.52937096311715
"ENSG00000136068",15.6288345001126
"ENSG00000136098",11.4492830517945
"ENSG00000136100",14.0718766645954
"ENSG00000136104",12.0654238633574
"ENSG00000136108",10.7972063552148
"ENSG00000136111",15.2072174295168
"ENSG00000136114",10.7284936051307
"ENSG00000136122",8.3964766926198
"ENSG00000136141",12.4324092332301
"ENSG00000136143",15.0815020713709
"ENSG00000136144",13.5126838341843
"ENSG00000136146",13.4176758583256
"ENSG00000136147",11.9277213334631
"ENSG00000136149",11.804378010617
"ENSG00000136152",12.7912026218693
"ENSG00000136153",16.4296098508532
"ENSG00000136156",16.2378893076672
"ENSG00000136158",13.1736887414547
"ENSG00000136159",12.0453861101208
"ENSG00000136160",14.7313184195583
"ENSG00000136161",12.4385680261088
"ENSG00000136167",13.4377996132859
"ENSG00000136169",12.4568882093156
"ENSG00000136193",13.4454653860555
"ENSG00000136197",6.95590410123382
"ENSG00000136205",13.2262550539726
"ENSG00000136213",9.76325902329142
"ENSG00000136231",6.95590410123382
"ENSG00000136235",15.6142856228851
"ENSG00000136237",12.8103272769482
"ENSG00000136238",15.2322501016304
"ENSG00000136240",14.1196136711797
"ENSG00000136243",12.2999886097733
"ENSG00000136244",9.82097452114771
"ENSG00000136247",12.7297497611012
"ENSG00000136250",10.1856384979114
"ENSG00000136261",15.876327852496
"ENSG00000136267",8.79240536895094
"ENSG00000136270",13.3391969592146
"ENSG00000136271",12.6363892129993
"ENSG00000136273",11.8420361366755
"ENSG00000136274",10.8719257085945
"ENSG00000136279",13.4020027542524
"ENSG00000136280",11.8280292786817
"ENSG00000136286",7.77304004408401
"ENSG00000136295",11.2038316146774
"ENSG00000136305",10.2982962986809
"ENSG00000136319",11.6377281412076
"ENSG00000136367",7.77304004408401
"ENSG00000136371",7.51778298884193
"ENSG00000136378",10.0792865167391
"ENSG00000136379",9.89450355656967
"ENSG00000136381",13.5024311359212
"ENSG00000136383",16.5454214976868
"ENSG00000136404",11.0352618928471
"ENSG00000136425",12.5192365859834
"ENSG00000136436",15.6268132107579
"ENSG00000136444",13.3226426176152
"ENSG00000136448",14.0184000269676
"ENSG00000136449",6.02301829709235
"ENSG00000136450",14.4857993962405
"ENSG00000136451",13.8286156209132
"ENSG00000136463",12.7984041095724
"ENSG00000136478",14.0529329191742
"ENSG00000136485",13.5628820654785
"ENSG00000136490",9.13344228678601
"ENSG00000136492",6.81151419189864
"ENSG00000136504",13.1056512207385
"ENSG00000136514",8.17829652257027
"ENSG00000136518",12.3433060335985
"ENSG00000136521",15.160475245483
"ENSG00000136522",13.344126445927
"ENSG00000136527",14.5554627774585
"ENSG00000136531",6.95590410123382
"ENSG00000136536",14.356783537516
"ENSG00000136541",6.47047727406358
"ENSG00000136542",6.95590410123382
"ENSG00000136546",14.0489128676956
"ENSG00000136560",12.6864146732627
"ENSG00000136574",13.4223447783905
"ENSG00000136603",13.1017756105075
"ENSG00000136628",14.5268440350881
"ENSG00000136630",9.458404441763
"ENSG00000136631",13.6753744142561
"ENSG00000136634",8.54086660195497
"ENSG00000136636",13.0504217000181
"ENSG00000136643",12.2271447826723
"ENSG00000136653",10.2709458105359
"ENSG00000136682",12.3234748616769
"ENSG00000136689",7.84898889731731
"ENSG00000136699",12.7247185614394
"ENSG00000136709",13.2974493981336
"ENSG00000136710",11.7107916033973
"ENSG00000136715",11.6536990981193
"ENSG00000136717",10.9940392301206
"ENSG00000136718",12.822152712345
"ENSG00000136720",11.3677176996384
"ENSG00000136731",13.7869850931667
"ENSG00000136732",13.653037159571
"ENSG00000136738",12.9633986377807
"ENSG00000136754",13.6181909964157
"ENSG00000136758",15.0726193647616
"ENSG00000136770",11.9012085804476
"ENSG00000136783",13.0075662210563
"ENSG00000136802",13.6831762991962
"ENSG00000136807",12.4839395338701
"ENSG00000136810",13.4802126006663
"ENSG00000136811",12.3234748616769
"ENSG00000136813",14.722511882262
"ENSG00000136816",11.7209336138179
"ENSG00000136819",13.2957541041184
"ENSG00000136824",12.1983977286268
"ENSG00000136826",14.1080682007658
"ENSG00000136827",12.0851871181788
"ENSG00000136828",12.1579112823799
"ENSG00000136830",13.0524310249124
"ENSG00000136840",11.6799306396925
"ENSG00000136842",15.5363870136795
"ENSG00000136848",13.6031911964088
"ENSG00000136854",12.7372638147585
"ENSG00000136856",10.9255304521903
"ENSG00000136859",13.0240425747647
"ENSG00000136861",13.3829674693197
"ENSG00000136866",10.1560437157231
"ENSG00000136867",11.8420361366755
"ENSG00000136868",12.8127001311688
"ENSG00000136869",12.9244337626347
"ENSG00000136870",12.8662256022426
"ENSG00000136872",4.88551477334242
"ENSG00000136874",12.2795486687102
"ENSG00000136875",11.9708544426998
"ENSG00000136877",12.6497229034824
"ENSG00000136878",11.3482215240126
"ENSG00000136881",6.26402639659615
"ENSG00000136888",14.0549387520185
"ENSG00000136891",11.5664016940621
"ENSG00000136895",12.0002982205923
"ENSG00000136897",12.9266263087116
"ENSG00000136908",11.3482215240126
"ENSG00000136925",13.3325979995521
"ENSG00000136928",6.47047727406358
"ENSG00000136930",14.2338003151936
"ENSG00000136932",11.3805703017104
"ENSG00000136933",10.7583435328773
"ENSG00000136935",12.5250363728533
"ENSG00000136936",11.218222706983
"ENSG00000136937",13.1324928329571
"ENSG00000136938",13.6330364458828
"ENSG00000136940",11.4246735844505
"ENSG00000136942",15.0021186562166
"ENSG00000136943",4.88551477334242
"ENSG00000136944",6.81151419189864
"ENSG00000136950",12.9244337626347
"ENSG00000136960",10.6134352279056
"ENSG00000136982",8.83037321914996
"ENSG00000136986",13.9006510171398
"ENSG00000136997",12.9526802003595
"ENSG00000136999",10.5914926750249
"ENSG00000137033",12.6890001489384
"ENSG00000137038",13.5769093518805
"ENSG00000137040",13.064428558012
"ENSG00000137054",11.1220073917237
"ENSG00000137055",13.1883821343153
"ENSG00000137070",13.0342455525156
"ENSG00000137073",12.1764551757461
"ENSG00000137074",12.0168573124657
"ENSG00000137075",13.4546108686046
"ENSG00000137076",15.8680806082379
"ENSG00000137077",11.3933094135411
"ENSG00000137078",6.02301829709235
"ENSG00000137094",15.5728904567799
"ENSG00000137098",8.93862610980198
"ENSG00000137100",13.0342455525156
"ENSG00000137101",8.54086660195497
"ENSG00000137103",11.3482215240126
"ENSG00000137106",13.7736491616953
"ENSG00000137124",11.6851201957951
"ENSG00000137133",12.1616391786167
"ENSG00000137135",6.47047727406358
"ENSG00000137145",13.503900275601
"ENSG00000137154",16.9254619335115
"ENSG00000137161",11.9708544426998
"ENSG00000137166",10.7385123609557
"ENSG00000137168",13.6100286264624
"ENSG00000137171",12.3367258851747
"ENSG00000137177",13.9006510171398
"ENSG00000137185",11.2465812621367
"ENSG00000137193",14.4991200914058
"ENSG00000137198",13.9172848875031
"ENSG00000137200",13.3669105974965
"ENSG00000137203",6.02301829709235
"ENSG00000137204",4.88551477334242
"ENSG00000137207",13.5796985166756
"ENSG00000137210",13.7540286972379
"ENSG00000137216",12.5250363728533
"ENSG00000137218",9.74349576846999
"ENSG00000137221",12.1085511112443
"ENSG00000137225",6.26402639659615
"ENSG00000137251",4.14854917917621
"ENSG00000137265",6.47047727406358
"ENSG00000137266",11.0433669424842
"ENSG00000137267",10.8719257085945
"ENSG00000137269",10.7875883526532
"ENSG00000137273",4.14854917917621
"ENSG00000137274",11.5437262560942
"ENSG00000137275",12.3980577284393
"ENSG00000137285",7.60798079781351
"ENSG00000137288",13.7278651167562
"ENSG00000137309",11.7410062164443
"ENSG00000137310",9.40907672939943
"ENSG00000137312",15.2572914176803
"ENSG00000137331",12.7815443763192
"ENSG00000137337",12.7272363544709
"ENSG00000137338",10.8443574485857
"ENSG00000137343",10.5465802531494
"ENSG00000137364",12.5508506905276
"ENSG00000137393",13.6714575927347
"ENSG00000137404",9.68252775117857
"ENSG00000137409",15.8540375778114
"ENSG00000137411",12.2200115417328
"ENSG00000137413",12.2761136788949
"ENSG00000137414",13.1513641947833
"ENSG00000137434",5.37094160051266
"ENSG00000137441",7.08714863451207
"ENSG00000137449",12.3400197108998
"ENSG00000137460",7.08714863451207
"ENSG00000137462",12.1046832938046
"ENSG00000137463",8.17829652257027
"ENSG00000137474",10.6877079902842
"ENSG00000137478",13.2191174016107
"ENSG00000137486",11.8696483678834
"ENSG00000137491",13.6649058328783
"ENSG00000137492",13.5199628357047
"ENSG00000137494",10.3117795280445
"ENSG00000137496",10.3383737380562
"ENSG00000137497",14.4731047927517
"ENSG00000137500",12.7322587965873
"ENSG00000137501",11.2605542046893
"ENSG00000137502",12.1239195126675
"ENSG00000137504",13.5741147843415
"ENSG00000137507",14.5709644117763
"ENSG00000137509",14.2609886859578
"ENSG00000137513",11.5997602910085
"ENSG00000137522",11.9494490790965
"ENSG00000137547",14.3213933506523
"ENSG00000137558",10.2430667779605
"ENSG00000137563",10.2002112989987
"ENSG00000137571",11.1066184987103
"ENSG00000137573",11.8327133576045
"ENSG00000137574",11.7360141871005
"ENSG00000137575",15.7157130437976
"ENSG00000137601",12.7171387101632
"ENSG00000137628",11.8832587994021
"ENSG00000137642",12.194763734159
"ENSG00000137656",11.0594417053422
"ENSG00000137672",8.29150713301826
"ENSG00000137691",6.6510495197054
"ENSG00000137692",12.0002982205923
"ENSG00000137693",14.7933067716925
"ENSG00000137700",10.5235886105231
"ENSG00000137710",14.762952295313
"ENSG00000137713",12.3948939222571
"ENSG00000137714",12.902323061029
"ENSG00000137720",11.1372338659484
"ENSG00000137726",13.3042107229445
"ENSG00000137727",9.19294329853467
"ENSG00000137731",6.26402639659615
"ENSG00000137747",6.02301829709235
"ENSG00000137752",10.6457357198089
"ENSG00000137760",11.0106699046647
"ENSG00000137764",11.594253814702
"ENSG00000137766",2.56358667845506
"ENSG00000137767",11.4122096188844
"ENSG00000137770",12.205638371383
"ENSG00000137776",13.8227414473219
"ENSG00000137801",16.7890200837663
"ENSG00000137802",12.0614385154062
"ENSG00000137804",8.62967586891283
"ENSG00000137806",13.0137669256198
"ENSG00000137807",7.60798079781351
"ENSG00000137809",10.3514892378465
"ENSG00000137812",7.42156767358263
"ENSG00000137814",12.2092451108638
"ENSG00000137815",13.66621856731
"ENSG00000137817",13.368524350507
"ENSG00000137818",15.9363157314932
"ENSG00000137819",9.07138131865375
"ENSG00000137821",14.1263061055044
"ENSG00000137822",11.8420361366755
"ENSG00000137824",12.5422971375614
"ENSG00000137825",8.67211113523323
"ENSG00000137831",14.1555764460702
"ENSG00000137834",11.5264826837923
"ENSG00000137841",10.5119539100397
"ENSG00000137842",11.5264826837923
"ENSG00000137843",9.00653017430379
"ENSG00000137845",13.851876020636
"ENSG00000137857",8.49432401601794
"ENSG00000137869",6.26402639659615
"ENSG00000137871",13.7037773816469
"ENSG00000137872",12.5790017308417
"ENSG00000137876",13.9924702304652
"ENSG00000137877",9.91231483268614
"ENSG00000137878",11.1892955215195
"ENSG00000137880",9.16349952064219
"ENSG00000137936",11.2949057094801
"ENSG00000137941",11.0189138987596
"ENSG00000137942",13.7663227217052
"ENSG00000137944",11.4553703816734
"ENSG00000137947",11.9364517385676
"ENSG00000137955",14.3445364772047
"ENSG00000137959",11.21104510491
"ENSG00000137960",10.4644534864358
"ENSG00000137962",14.5758620233112
"ENSG00000137965",11.6589837012476
"ENSG00000137968",6.26402639659615
"ENSG00000137970",11.514871393422
"ENSG00000137992",14.1480794754309
"ENSG00000137996",12.824506212118
"ENSG00000138002",12.7322587965873
"ENSG00000138018",12.8956232268167
"ENSG00000138028",8.79240536895094
"ENSG00000138029",17.4308171473143
"ENSG00000138030",8.71333379795974
"ENSG00000138031",12.850144440063
"ENSG00000138032",13.8332977995978
"ENSG00000138035",12.9483704285484
"ENSG00000138036",11.6269817597436
"ENSG00000138039",5.73351167989737
"ENSG00000138041",13.2244739487576
"ENSG00000138050",11.3218098931818
"ENSG00000138061",12.9134207699123
"ENSG00000138069",15.0810100198515
"ENSG00000138071",15.0314469191629
"ENSG00000138073",13.4129917794028
"ENSG00000138074",11.9494490790965
"ENSG00000138078",14.9181115679044
"ENSG00000138079",5.37094160051266
"ENSG00000138080",10.4401036250201
"ENSG00000138081",13.4377996132859
"ENSG00000138085",14.0599411670197
"ENSG00000138092",9.48244991572965
"ENSG00000138095",15.4479480176208
"ENSG00000138100",15.2371166028562
"ENSG00000138101",10.390135165746
"ENSG00000138107",14.6835004639073
"ENSG00000138111",9.5061011837943
"ENSG00000138115",4.88551477334242
"ENSG00000138119",13.1920322185922
"ENSG00000138131",8.62967586891283
"ENSG00000138134",9.33177100323199
"ENSG00000138135",7.77304004408401
"ENSG00000138138",14.6645774625478
"ENSG00000138152",4.88551477334242
"ENSG00000138160",8.62967586891283
"ENSG00000138161",7.51778298884193
"ENSG00000138162",15.8497112199884
"ENSG00000138166",12.5480051372562
"ENSG00000138172",11.4431699280678
"ENSG00000138175",12.8079505135756
"ENSG00000138180",8.1181755301327
"ENSG00000138182",9.48244991572965
"ENSG00000138185",12.7044164492281
"ENSG00000138190",12.0209675575276
"ENSG00000138193",12.4809587579319
"ENSG00000138207",11.196581875598
"ENSG00000138231",11.1220073917237
"ENSG00000138246",13.8061653679064
"ENSG00000138279",14.962597511407
"ENSG00000138286",12.4719792992288
"ENSG00000138293",16.1460815267026
"ENSG00000138297",12.9950842827131
"ENSG00000138303",13.2155352891785
"ENSG00000138308",6.26402639659615
"ENSG00000138311",5.73351167989737
"ENSG00000138316",4.88551477334242
"ENSG00000138326",16.4973695272304
"ENSG00000138336",8.83037321914996
"ENSG00000138346",10.1258291026761
"ENSG00000138347",15.7910522079567
"ENSG00000138356",12.7791196782007
"ENSG00000138363",12.6417374861897
"ENSG00000138375",11.225364776227
"ENSG00000138376",10.402790466552
"ENSG00000138378",9.70313803085385
"ENSG00000138379",4.88551477334242
"ENSG00000138380",11.5607661593927
"ENSG00000138381",13.344126445927
"ENSG00000138382",12.7146032173473
"ENSG00000138385",14.0619372863847
"ENSG00000138386",13.1381802057927
"ENSG00000138395",6.26402639659615
"ENSG00000138398",13.7378882229227
"ENSG00000138399",13.7724306691897
"ENSG00000138400",8.86736742663216
"ENSG00000138411",13.171841500433
"ENSG00000138413",13.1017756105075
"ENSG00000138430",13.4606758067678
"ENSG00000138433",12.5163279256415
"ENSG00000138434",15.0036772034055
"ENSG00000138435",6.02301829709235
"ENSG00000138439",9.78275519891722
"ENSG00000138442",12.8385471505957
"ENSG00000138443",14.2382203402223
"ENSG00000138448",16.1055302653797
"ENSG00000138449",14.2311417854962
"ENSG00000138459",12.5163279256415
"ENSG00000138463",12.1579112823799
"ENSG00000138468",13.0664184825218
"ENSG00000138472",9.5061011837943
"ENSG00000138495",13.9260784845011
"ENSG00000138496",12.6011336324172
"ENSG00000138587",8.1181755301327
"ENSG00000138592",13.4145548294375
"ENSG00000138593",14.1167359540536
"ENSG00000138594",13.0117029838645
"ENSG00000138600",13.4846837665619
"ENSG00000138604",12.8911393225363
"ENSG00000138606",9.3050536648562
"ENSG00000138613",11.6799306396925
"ENSG00000138614",12.2377789466007
"ENSG00000138615",12.3853606604256
"ENSG00000138617",9.70313803085385
"ENSG00000138621",9.70313803085385
"ENSG00000138622",10.6350490410117
"ENSG00000138623",7.84898889731731
"ENSG00000138629",12.5873410317545
"ENSG00000138639",12.0969164107609
"ENSG00000138640",12.4477571975635
"ENSG00000138641",13.7675463816945
"ENSG00000138642",12.0812560665889
"ENSG00000138646",10.0311922285381
"ENSG00000138650",6.26402639659615
"ENSG00000138658",9.76325902329142
"ENSG00000138660",11.6377281412076
"ENSG00000138663",13.776083063649
"ENSG00000138668",14.2722395141416
"ENSG00000138670",10.1560437157231
"ENSG00000138674",14.9550988011622
"ENSG00000138675",7.08714863451207
"ENSG00000138678",15.0324652322745
"ENSG00000138685",12.6786303286168
"ENSG00000138686",11.6323649564405
"ENSG00000138688",14.5210515252603
"ENSG00000138696",8.67211113523323
"ENSG00000138698",12.3563769727561
"ENSG00000138709",12.7044164492281
"ENSG00000138722",12.6337076229319
"ENSG00000138735",11.9750976664671
"ENSG00000138738",11.3084205159546
"ENSG00000138741",7.20744286822978
"ENSG00000138744",11.9537556346552
"ENSG00000138750",12.3367258851747
"ENSG00000138755",7.51778298884193
"ENSG00000138756",13.0096360851716
"ENSG00000138757",14.4909942914041
"ENSG00000138758",13.8391292345418
"ENSG00000138759",11.5031658927698
"ENSG00000138760",15.3203514678592
"ENSG00000138764",11.0832229312983
"ENSG00000138767",13.2368957540168
"ENSG00000138768",15.0671639971577
"ENSG00000138769",7.31847418061853
"ENSG00000138771",11.2324716627213
"ENSG00000138772",14.2015699822329
"ENSG00000138777",13.7712111466818
"ENSG00000138778",7.60798079781351
"ENSG00000138780",9.91231483268614
"ENSG00000138785",12.5336925690672
"ENSG00000138792",13.0240425747647
"ENSG00000138794",10.0311922285381
"ENSG00000138795",5.37094160051266
"ENSG00000138796",15.7233003694877
"ENSG00000138798",11.4308654181647
"ENSG00000138801",12.3661030435763
"ENSG00000138802",13.1625696494911
"ENSG00000138814",12.3465848873755
"ENSG00000138821",11.0594417053422
"ENSG00000138823",9.19294329853467
"ENSG00000138829",13.4207901499632
"ENSG00000138834",13.7303774291732
"ENSG00000138835",13.5628820654785
"ENSG00000138867",14.0846963221064
"ENSG00000138942",13.1017756105075
"ENSG00000138944",8.3964766926198
"ENSG00000138964",10.6668744868671
"ENSG00000139044",13.659642917636
"ENSG00000139055",5.73351167989737
"ENSG00000139083",11.3805703017104
"ENSG00000139112",16.788568111632
"ENSG00000139116",14.1205716360495
"ENSG00000139117",11.7657105022855
"ENSG00000139131",10.9078825863709
"ENSG00000139132",12.9992569393916
"ENSG00000139133",8.83037321914996
"ENSG00000139146",12.1046832938046
"ENSG00000139151",4.88551477334242
"ENSG00000139154",12.2128428559724
"ENSG00000139155",8.1181755301327
"ENSG00000139160",10.2982962986809
"ENSG00000139163",12.7791196782007
"ENSG00000139168",12.9331840247337
"ENSG00000139173",11.0910636845155
"ENSG00000139174",11.2395437113968
"ENSG00000139178",11.8832587994021
"ENSG00000139180",12.8707874875959
"ENSG00000139182",11.2038316146774
"ENSG00000139187",9.38376564087025
"ENSG00000139190",10.5914926750249
"ENSG00000139192",10.7972063552148
"ENSG00000139193",4.14854917917621
"ENSG00000139194",5.73351167989737
"ENSG00000139197",12.8103272769482
"ENSG00000139200",7.69286969540002
"ENSG00000139209",8.62967586891283
"ENSG00000139211",11.0433669424842
"ENSG00000139218",14.3155490919159
"ENSG00000139220",7.20744286822978
"ENSG00000139233",11.3416638079904
"ENSG00000139239",10.806760661928
"ENSG00000139263",10.6668744868671
"ENSG00000139266",11.225364776227
"ENSG00000139278",12.2413063200961
"ENSG00000139289",12.2413063200961
"ENSG00000139291",12.073361682782
"ENSG00000139292",7.51778298884193
"ENSG00000139304",4.88551477334242
"ENSG00000139318",13.5126838341843
"ENSG00000139323",12.073361682782
"ENSG00000139324",12.2342429275735
"ENSG00000139329",14.0028981402739
"ENSG00000139343",11.8512990580045
"ENSG00000139344",7.69286969540002
"ENSG00000139350",12.2588149699508
"ENSG00000139351",4.14854917917621
"ENSG00000139354",8.54086660195497
"ENSG00000139364",9.38376564087025
"ENSG00000139370",12.5046342847956
"ENSG00000139372",12.0044558460659
"ENSG00000139405",10.7583435328773
"ENSG00000139410",9.13344228678601
"ENSG00000139428",12.1162557759693
"ENSG00000139433",12.9548302678825
"ENSG00000139436",13.7881913599936
"ENSG00000139437",11.9919468511593
"ENSG00000139438",9.72345801523345
"ENSG00000139496",13.5990731297472
"ENSG00000139505",13.5228641841756
"ENSG00000139508",12.1353393219586
"ENSG00000139514",12.7322587965873
"ENSG00000139517",12.5394346464618
"ENSG00000139531",13.0362775176978
"ENSG00000139537",5.37094160051266
"ENSG00000139546",10.7082449212869
"ENSG00000139547",6.47047727406358
"ENSG00000139549",7.20744286822978
"ENSG00000139567",13.5430118737865
"ENSG00000139572",7.84898889731731
"ENSG00000139579",11.8327133576045
"ENSG00000139597",11.0106699046647
"ENSG00000139613",13.6004471251281
"ENSG00000139618",6.95590410123382
"ENSG00000139620",12.7546458929867
"ENSG00000139624",12.5422971375614
"ENSG00000139625",11.4122096188844
"ENSG00000139626",6.47047727406358
"ENSG00000139629",8.79240536895094
"ENSG00000139631",12.5928739054233
"ENSG00000139636",12.6175125599862
"ENSG00000139637",11.4972773334073
"ENSG00000139641",13.6779797333224
"ENSG00000139644",16.2392129823905
"ENSG00000139645",13.1699918911528
"ENSG00000139651",11.7899988712438
"ENSG00000139668",11.3284582691911
"ENSG00000139675",9.94729097092911
"ENSG00000139679",12.8821294881578
"ENSG00000139684",14.5639388559354
"ENSG00000139687",13.5976978245517
"ENSG00000139697",12.9375393338253
"ENSG00000139714",4.14854917917621
"ENSG00000139718",11.4059370218689
"ENSG00000139719",10.5803949661416
"ENSG00000139722",12.0209675575276
"ENSG00000139725",11.7459810318596
"ENSG00000139726",13.0301730161743
"ENSG00000139734",6.47047727406358
"ENSG00000139737",10.402790466552
"ENSG00000139746",13.6004471251281
"ENSG00000139767",9.00653017430379
"ENSG00000139793",13.9106543356209
"ENSG00000139826",12.1653574668628
"ENSG00000139832",11.3933094135411
"ENSG00000139835",6.6510495197054
"ENSG00000139842",14.5667531851202
"ENSG00000139874",9.10274548956309
"ENSG00000139880",9.27783219612118
"ENSG00000139890",4.88551477334242
"ENSG00000139899",8.67211113523323
"ENSG00000139910",9.76325902329142
"ENSG00000139914",12.3433060335985
"ENSG00000139921",12.0332284956946
"ENSG00000139926",11.3996370335131
"ENSG00000139946",10.5803949661416
"ENSG00000139970",9.03932010942146
"ENSG00000139971",11.5831774068129
"ENSG00000139974",10.1560437157231
"ENSG00000139977",12.7372638147585
"ENSG00000139985",7.20744286822978
"ENSG00000139990",14.1109632419532
"ENSG00000139998",15.186782313908
"ENSG00000140006",10.698012998676
"ENSG00000140009",7.20744286822978
"ENSG00000140022",9.03932010942146
"ENSG00000140025",7.98985143315716
"ENSG00000140030",8.75341123733508
"ENSG00000140043",12.4106440245464
"ENSG00000140044",11.9233362387774
"ENSG00000140057",7.08714863451207
"ENSG00000140090",6.02301829709235
"ENSG00000140092",14.5568789199436
"ENSG00000140104",9.03932010942146
"ENSG00000140105",15.234464182852
"ENSG00000140153",11.9364517385676
"ENSG00000140157",12.7247185614394
"ENSG00000140181",13.7228273288667
"ENSG00000140199",12.7497009179967
"ENSG00000140254",7.69286969540002
"ENSG00000140259",12.5134133892142
"ENSG00000140262",13.4176758583256
"ENSG00000140263",10.5351302324058
"ENSG00000140264",16.0399531758412
"ENSG00000140265",11.5264826837923
"ENSG00000140279",8.17829652257027
"ENSG00000140280",10.0147977902874
"ENSG00000140285",13.2527110833683
"ENSG00000140287",6.6510495197054
"ENSG00000140299",14.4670919888789
"ENSG00000140307",13.1938538034818
"ENSG00000140319",15.6959257426743
"ENSG00000140320",12.1579112823799
"ENSG00000140323",6.95590410123382
"ENSG00000140326",10.6457357198089
"ENSG00000140332",10.6563438193749
"ENSG00000140350",14.474604086252
"ENSG00000140365",12.0372924280745
"ENSG00000140367",13.56991275698
"ENSG00000140368",9.03932010942146
"ENSG00000140374",15.4551805408887
"ENSG00000140379",7.08714863451207
"ENSG00000140382",13.0342455525156
"ENSG00000140386",12.9112080470232
"ENSG00000140391",14.7987033928513
"ENSG00000140395",12.9782719142623
"ENSG00000140396",13.9051055017003
"ENSG00000140398",11.1597764345995
"ENSG00000140400",14.4805857275379
"ENSG00000140403",15.8540375778114
"ENSG00000140406",10.7779057992558
"ENSG00000140416",19.267422678045
"ENSG00000140443",14.1157754380122
"ENSG00000140450",12.4106440245464
"ENSG00000140451",7.42156767358263
"ENSG00000140455",11.9537556346552
"ENSG00000140459",6.95590410123382
"ENSG00000140463",11.6377281412076
"ENSG00000140464",12.0574421276959
"ENSG00000140465",7.08714863451207
"ENSG00000140470",9.22179816120685
"ENSG00000140471",11.1066184987103
"ENSG00000140474",12.8956232268167
"ENSG00000140479",11.8967420287657
"ENSG00000140497",12.8547573777769
"ENSG00000140506",5.73351167989737
"ENSG00000140511",10.0311922285381
"ENSG00000140519",2.56358667845506
"ENSG00000140521",13.1305920487021
"ENSG00000140525",9.66161876141559
"ENSG00000140526",15.5474709706197
"ENSG00000140527",4.14854917917621
"ENSG00000140538",10.6668744868671
"ENSG00000140543",10.9255304521903
"ENSG00000140545",16.2263663000721
"ENSG00000140548",9.22179816120685
"ENSG00000140553",12.4869141638742
"ENSG00000140557",10.0634325655383
"ENSG00000140563",8.86736742663216
"ENSG00000140564",13.7650980229552
"ENSG00000140575",14.9214135606658
"ENSG00000140577",12.9888025817544
"ENSG00000140598",12.1046832938046
"ENSG00000140612",14.1071018946072
"ENSG00000140632",13.6031911964088
"ENSG00000140650",11.0106699046647
"ENSG00000140678",8.97297761459276
"ENSG00000140682",12.0332284956946
"ENSG00000140688",12.94621070503
"ENSG00000140691",9.43395139803846
"ENSG00000140694",12.3980577284393
"ENSG00000140718",12.7322587965873
"ENSG00000140740",16.8807872818777
"ENSG00000140743",11.3416638079904
"ENSG00000140749",7.92113868307314
"ENSG00000140750",12.5790017308417
"ENSG00000140795",14.4685975408454
"ENSG00000140798",5.73351167989737
"ENSG00000140807",7.08714863451207
"ENSG00000140829",13.1075851285896
"ENSG00000140830",10.9255304521903
"ENSG00000140836",12.7120632606333
"ENSG00000140839",6.02301829709235
"ENSG00000140848",12.120092733127
"ENSG00000140853",11.9145258600015
"ENSG00000140854",10.2002112989987
"ENSG00000140859",12.570613945349
"ENSG00000140876",12.3234748616769
"ENSG00000140905",8.34494639197972
"ENSG00000140931",11.6323649564405
"ENSG00000140932",2.56358667845506
"ENSG00000140937",10.6563438193749
"ENSG00000140939",12.7372638147585
"ENSG00000140941",15.0541868914747
"ENSG00000140943",15.0227621140071
"ENSG00000140945",15.2980846201476
"ENSG00000140948",12.180135522234
"ENSG00000140950",10.7284936051307
"ENSG00000140955",5.73351167989737
"ENSG00000140961",9.25008720563828
"ENSG00000140968",9.99821490609178
"ENSG00000140983",13.0802716277647
"ENSG00000140986",14.7187211333128
"ENSG00000140987",11.0910636845155
"ENSG00000140988",15.9482355405075
"ENSG00000140990",14.7727353888108
"ENSG00000140992",13.31429366468
"ENSG00000140993",11.1296407166261
"ENSG00000140995",13.2509623618925
"ENSG00000141002",13.3325979995521
"ENSG00000141012",11.3218098931818
"ENSG00000141013",12.2622913452254
"ENSG00000141026",12.9971721196056
"ENSG00000141027",14.1888389002019
"ENSG00000141030",13.541582047068
"ENSG00000141034",11.9012085804476
"ENSG00000141040",10.7583435328773
"ENSG00000141052",13.2191174016107
"ENSG00000141068",11.8741994601146
"ENSG00000141076",12.6708037540464
"ENSG00000141084",12.1579112823799
"ENSG00000141096",4.14854917917621
"ENSG00000141098",11.6642490174603
"ENSG00000141101",11.6269817597436
"ENSG00000141127",11.7608033715651
"ENSG00000141140",12.0291530832645
"ENSG00000141141",12.362868299977
"ENSG00000141150",11.9494490790965
"ENSG00000141161",15.7339812307692
"ENSG00000141179",12.1541737283701
"ENSG00000141198",11.57760714877
"ENSG00000141219",12.4354919161142
"ENSG00000141232",12.9310014297019
"ENSG00000141252",12.1504264664169
"ENSG00000141255",4.14854917917621
"ENSG00000141258",12.8956232268167
"ENSG00000141279",14.1815132352538
"ENSG00000141293",4.14854917917621
"ENSG00000141294",5.37094160051266
"ENSG00000141295",12.0851871181788
"ENSG00000141298",13.6503863640785
"ENSG00000141314",6.81151419189864
"ENSG00000141337",9.48244991572965
"ENSG00000141338",14.6286661674549
"ENSG00000141349",12.4262240360139
"ENSG00000141367",15.6997767827745
"ENSG00000141376",11.8373822776693
"ENSG00000141378",11.0023785310333
"ENSG00000141380",13.5963212070418
"ENSG00000141384",10.1104811383427
"ENSG00000141385",14.9388976759281
"ENSG00000141391",6.95590410123382
"ENSG00000141401",11.7459810318596
"ENSG00000141404",8.17829652257027
"ENSG00000141424",12.5134133892142
"ENSG00000141425",13.8815645008622
"ENSG00000141428",11.196581875598
"ENSG00000141429",13.4965395706498
"ENSG00000141431",9.82097452114771
"ENSG00000141433",7.60798079781351
"ENSG00000141441",11.9407972088436
"ENSG00000141446",11.7410062164443
"ENSG00000141447",14.2302545191454
"ENSG00000141448",14.0225058854226
"ENSG00000141449",12.0614385154062
"ENSG00000141452",11.7558794929258
"ENSG00000141456",12.0851871181788
"ENSG00000141458",12.6941572412605
"ENSG00000141469",13.2974493981336
"ENSG00000141480",12.2829754993971
"ENSG00000141497",7.69286969540002
"ENSG00000141499",9.35800254480516
"ENSG00000141503",12.9375393338253
"ENSG00000141504",13.3042107229445
"ENSG00000141505",6.26402639659615
"ENSG00000141506",10.3514892378465
"ENSG00000141510",11.1296407166261
"ENSG00000141519",9.52937096311715
"ENSG00000141522",13.3588146444837
"ENSG00000141524",11.4674685241912
"ENSG00000141526",11.4492830517945
"ENSG00000141527",2.56358667845506
"ENSG00000141540",12.570613945349
"ENSG00000141542",11.7360141871005
"ENSG00000141543",12.9310014297019
"ENSG00000141551",13.8633670813136
"ENSG00000141552",12.9633986377807
"ENSG00000141556",13.4802126006663
"ENSG00000141560",11.6323649564405
"ENSG00000141562",13.1792163154232
"ENSG00000141564",11.6589837012476
"ENSG00000141568",12.3885454189836
"ENSG00000141569",10.7972063552148
"ENSG00000141570",8.79240536895094
"ENSG00000141574",9.16349952064219
"ENSG00000141576",11.8605028853343
"ENSG00000141577",9.68252775117857
"ENSG00000141579",6.02301829709235
"ENSG00000141580",13.4576465247291
"ENSG00000141582",10.4153357198711
"ENSG00000141622",9.27783219612118
"ENSG00000141627",12.7422515294615
"ENSG00000141639",12.7960076056311
"ENSG00000141642",10.0147977902874
"ENSG00000141644",13.317639045984
"ENSG00000141646",13.7564958975671
"ENSG00000141655",9.27783219612118
"ENSG00000141664",13.0998338941432
"ENSG00000141665",4.88551477334242
"ENSG00000141682",6.26402639659615
"ENSG00000141696",10.1104811383427
"ENSG00000141698",12.0773142744075
"ENSG00000141699",12.1838065039625
"ENSG00000141720",14.014282450028
"ENSG00000141736",13.4207901499632
"ENSG00000141738",7.20744286822978
"ENSG00000141741",12.5762112173201
"ENSG00000141744",8.71333379795974
"ENSG00000141750",7.08714863451207
"ENSG00000141753",15.6696588228275
"ENSG00000141756",12.0851871181788
"ENSG00000141759",12.776690898097
"ENSG00000141837",8.54086660195497
"ENSG00000141854",8.86736742663216
"ENSG00000141858",11.3218098931818
"ENSG00000141867",13.2752536520194
"ENSG00000141873",9.76325902329142
"ENSG00000141905",13.7540286972379
"ENSG00000141933",7.84898889731731
"ENSG00000141934",8.90343668133968
"ENSG00000141956",10.6025056677474
"ENSG00000141959",12.5790017308417
"ENSG00000141965",13.8849511104945
"ENSG00000141968",9.16349952064219
"ENSG00000141971",10.806760661928
"ENSG00000141985",11.4734797622251
"ENSG00000141994",10.6350490410117
"ENSG00000142002",12.8866414387967
"ENSG00000142039",11.4553703816734
"ENSG00000142046",8.97297761459276
"ENSG00000142065",9.96446611473724
"ENSG00000142082",12.6708037540464
"ENSG00000142089",15.4244796607939
"ENSG00000142102",12.0002982205923
"ENSG00000142149",4.14854917917621
"ENSG00000142156",15.0021186562166
"ENSG00000142166",13.2191174016107
"ENSG00000142168",15.4532807578371
"ENSG00000142173",14.6407361940448
"ENSG00000142178",14.660631177778
"ENSG00000142185",9.25008720563828
"ENSG00000142186",13.1902083308134
"ENSG00000142188",14.1041990867046
"ENSG00000142192",17.0316379076292
"ENSG00000142197",11.5887262407336
"ENSG00000142207",12.1983977286268
"ENSG00000142208",14.319725976828
"ENSG00000142227",12.3433060335985
"ENSG00000142230",13.2855402912564
"ENSG00000142233",5.37094160051266
"ENSG00000142235",6.95590410123382
"ENSG00000142252",10.6025056677474
"ENSG00000142279",11.3805703017104
"ENSG00000142303",10.4523299273533
"ENSG00000142327",12.3101009995935
"ENSG00000142330",11.0271110517262
"ENSG00000142347",10.5914926750249
"ENSG00000142396",12.0654238633574
"ENSG00000142405",6.81151419189864
"ENSG00000142408",6.47047727406358
"ENSG00000142409",10.3117795280445
"ENSG00000142444",10.2289225956402
"ENSG00000142453",12.3201430009791
"ENSG00000142459",11.0514267122781
"ENSG00000142494",11.8420361366755
"ENSG00000142507",14.1565108340827
"ENSG00000142512",11.0594417053422
"ENSG00000142528",10.3644865783754
"ENSG00000142530",7.08714863451207
"ENSG00000142534",16.3528146353131
"ENSG00000142541",16.88191764385
"ENSG00000142544",8.05543977478473
"ENSG00000142546",11.7209336138179
"ENSG00000142552",10.1856384979114
"ENSG00000142556",11.6694951870262
"ENSG00000142583",9.16349952064219
"ENSG00000142599",14.3761651225904
"ENSG00000142606",2.56358667845506
"ENSG00000142611",11.1220073917237
"ENSG00000142621",6.26402639659615
"ENSG00000142627",12.0773142744075
"ENSG00000142632",8.86736742663216
"ENSG00000142634",11.6589837012476
"ENSG00000142655",11.1746114757624
"ENSG00000142657",12.9719164192224
"ENSG00000142661",15.5172375121044
"ENSG00000142669",13.0034175624365
"ENSG00000142675",9.03932010942146
"ENSG00000142676",16.3214974975602
"ENSG00000142677",6.47047727406358
"ENSG00000142684",10.3251379108995
"ENSG00000142686",11.9835468563029
"ENSG00000142687",14.5568789199436
"ENSG00000142694",8.05543977478473
"ENSG00000142731",7.08714863451207
"ENSG00000142733",13.1457286601138
"ENSG00000142748",14.1648932045769
"ENSG00000142751",11.4553703816734
"ENSG00000142765",6.02301829709235
"ENSG00000142784",14.0018587345799
"ENSG00000142794",10.7082449212869
"ENSG00000142798",15.4471845859105
"ENSG00000142856",11.5206887200173
"ENSG00000142864",15.3451513056994
"ENSG00000142867",10.6134352279056
"ENSG00000142871",16.6651520615874
"ENSG00000142875",13.228033963003
"ENSG00000142892",13.4876568640404
"ENSG00000142910",15.3735557256312
"ENSG00000142920",8.34494639197972
"ENSG00000142937",16.5466693496472
"ENSG00000142945",7.98985143315716
"ENSG00000142949",10.6668744868671
"ENSG00000142959",5.37094160051266
"ENSG00000142961",11.9961285788433
"ENSG00000142973",14.0286428462862
"ENSG00000143013",12.5928739054233
"ENSG00000143028",12.6497229034824
"ENSG00000143033",11.8650828734376
"ENSG00000143036",9.94729097092911
"ENSG00000143061",12.5762112173201
"ENSG00000143067",12.2692190658165
"ENSG00000143079",12.8174341634425
"ENSG00000143093",12.3267990452695
"ENSG00000143106",13.6779797333224
"ENSG00000143110",12.6011336324172
"ENSG00000143119",12.657664364127
"ENSG00000143125",6.95590410123382
"ENSG00000143126",11.0271110517262
"ENSG00000143127",10.898977033149
"ENSG00000143140",12.6864146732627
"ENSG00000143147",9.43395139803846
"ENSG00000143149",13.8905778533559
"ENSG00000143153",15.6865764013096
"ENSG00000143155",12.8103272769482
"ENSG00000143156",11.5494286154584
"ENSG00000143157",12.9089919251729
"ENSG00000143158",14.3721487084126
"ENSG00000143162",14.9236106980269
"ENSG00000143164",15.3927147738236
"ENSG00000143167",7.42156767358263
"ENSG00000143171",8.58595449148351
"ENSG00000143178",7.20744286822978
"ENSG00000143179",11.6851201957951
"ENSG00000143183",13.6031911964088
"ENSG00000143184",6.26402639659615
"ENSG00000143190",12.1616391786167
"ENSG00000143194",8.1181755301327
"ENSG00000143195",10.2709458105359
"ENSG00000143196",13.6844725212428
"ENSG00000143198",15.7157130437976
"ENSG00000143199",6.6510495197054
"ENSG00000143207",12.3433060335985
"ENSG00000143222",13.5894183467871
"ENSG00000143224",10.8350497063594
"ENSG00000143226",12.5817868572683
"ENSG00000143228",7.60798079781351
"ENSG00000143248",17.0065949490278
"ENSG00000143252",14.5079327125929
"ENSG00000143256",12.5565250146209
"ENSG00000143258",11.4854276155295
"ENSG00000143294",12.316803427634
"ENSG00000143297",4.88551477334242
"ENSG00000143303",11.3416638079904
"ENSG00000143314",13.2906562364788
"ENSG00000143315",10.7779057992558
"ENSG00000143318",12.5873410317545
"ENSG00000143319",12.0851871181788
"ENSG00000143320",6.02301829709235
"ENSG00000143321",14.8076531426499
"ENSG00000143322",12.6603018329436
"ENSG00000143324",15.2130674174237
"ENSG00000143333",10.5002246174576
"ENSG00000143337",14.0954554536326
"ENSG00000143340",6.26402639659615
"ENSG00000143341",13.0564412986298
"ENSG00000143344",13.3474034377752
"ENSG00000143353",13.5769093518805
"ENSG00000143355",6.47047727406358
"ENSG00000143363",13.4114270340858
"ENSG00000143365",11.8280292786817
"ENSG00000143367",10.9342740852623
"ENSG00000143368",11.7158715207616
"ENSG00000143369",12.1541737283701
"ENSG00000143373",11.2812631015215
"ENSG00000143374",12.8730630322962
"ENSG00000143375",4.88551477334242
"ENSG00000143376",12.7693799278522
"ENSG00000143379",12.2200115417328
"ENSG00000143382",13.0034175624365
"ENSG00000143384",16.2030404465518
"ENSG00000143387",11.225364776227
"ENSG00000143390",12.6417374861897
"ENSG00000143393",13.8109208564838
"ENSG00000143398",13.5769093518805
"ENSG00000143401",14.1148142820533
"ENSG00000143409",12.9089919251729
"ENSG00000143412",4.88551477334242
"ENSG00000143416",13.1974900878036
"ENSG00000143418",14.0438719993914
"ENSG00000143420",15.3606401990849
"ENSG00000143429",10.8809992922199
"ENSG00000143434",12.956977135899
"ENSG00000143436",12.3201430009791
"ENSG00000143437",13.4362615587257
"ENSG00000143442",13.7833602293479
"ENSG00000143443",9.57481393387831
"ENSG00000143450",7.08714863451207
"ENSG00000143457",11.4854276155295
"ENSG00000143458",12.3267990452695
"ENSG00000143466",8.62967586891283
"ENSG00000143476",6.02301829709235
"ENSG00000143479",11.3016789380755
"ENSG00000143486",12.7397598275625
"ENSG00000143493",11.5494286154584
"ENSG00000143494",7.69286969540002
"ENSG00000143498",8.75341123733508
"ENSG00000143499",16.176109661425
"ENSG00000143502",9.59700967999251
"ENSG00000143507",11.0988620550759
"ENSG00000143512",4.88551477334242
"ENSG00000143514",12.5928739054233
"ENSG00000143515",13.0301730161743
"ENSG00000143537",14.5326133806058
"ENSG00000143543",13.3909293826892
"ENSG00000143545",13.4576465247291
"ENSG00000143546",12.7984041095724
"ENSG00000143549",14.5115888094327
"ENSG00000143553",13.3259687171655
"ENSG00000143554",11.1296407166261
"ENSG00000143569",14.1051673384462
"ENSG00000143570",13.3893405113382
"ENSG00000143575",14.8088422587616
"ENSG00000143578",9.89450355656967
"ENSG00000143590",4.88551477334242
"ENSG00000143595",2.56358667845506
"ENSG00000143603",10.6668744868671
"ENSG00000143612",15.3978601936898
"ENSG00000143614",12.3596262872848
"ENSG00000143621",14.1234417199687
"ENSG00000143622",12.5134133892142
"ENSG00000143624",13.980911796135
"ENSG00000143630",8.23601202042655
"ENSG00000143632",18.3452793619959
"ENSG00000143633",10.5465802531494
"ENSG00000143641",12.7960076056311
"ENSG00000143643",11.5380012682606
"ENSG00000143653",13.5515612027512
"ENSG00000143669",12.7960076056311
"ENSG00000143674",7.20744286822978
"ENSG00000143702",12.7571120389563
"ENSG00000143727",13.7614176764673
"ENSG00000143740",12.3067380725676
"ENSG00000143742",14.996911305171
"ENSG00000143748",11.3416638079904
"ENSG00000143751",12.6310210392116
"ENSG00000143753",13.6357192826223
"ENSG00000143756",12.6497229034824
"ENSG00000143761",15.4190391881991
"ENSG00000143768",4.14854917917621
"ENSG00000143771",13.1133713464029
"ENSG00000143772",13.0723718405196
"ENSG00000143774",13.7278651167562
"ENSG00000143776",14.3379619512571
"ENSG00000143786",6.26402639659615
"ENSG00000143793",9.38376564087025
"ENSG00000143797",13.3813698002296
"ENSG00000143799",15.0217369265126
"ENSG00000143801",11.4614321344606
"ENSG00000143811",12.3563769727561
"ENSG00000143815",13.0684056660879
"ENSG00000143816",9.83971108372929
"ENSG00000143819",12.7620317199074
"ENSG00000143842",11.7608033715651
"ENSG00000143845",10.0311922285381
"ENSG00000143847",13.7403831566027
"ENSG00000143850",12.4137735161008
"ENSG00000143851",8.4462297278169
"ENSG00000143862",12.6444042060634
"ENSG00000143867",9.13344228678601
"ENSG00000143869",6.6510495197054
"ENSG00000143870",15.1520670912848
"ENSG00000143878",15.6378954198953
"ENSG00000143882",8.86736742663216
"ENSG00000143889",12.5104929529115
"ENSG00000143891",11.2465812621367
"ENSG00000143919",9.70313803085385
"ENSG00000143924",12.223582570885
"ENSG00000143933",16.1347467663825
"ENSG00000143942",10.0147977902874
"ENSG00000143947",16.0389401361852
"ENSG00000143951",11.4674685241912
"ENSG00000143952",12.6734173327339
"ENSG00000143970",12.7742580222407
"ENSG00000143971",11.6323649564405
"ENSG00000143977",12.9612613114033
"ENSG00000143994",8.86736742663216
"ENSG00000143995",12.205638371383
"ENSG00000144021",13.9777433577292
"ENSG00000144026",11.2038316146774
"ENSG00000144028",14.8846691964651
"ENSG00000144029",13.7638722836794
"ENSG00000144031",6.6510495197054
"ENSG00000144034",12.0534346388944
"ENSG00000144036",15.1212896924928
"ENSG00000144040",10.9940392301206
"ENSG00000144043",13.9617959399219
"ENSG00000144048",11.6269817597436
"ENSG00000144057",8.05543977478473
"ENSG00000144061",10.9856514446279
"ENSG00000144063",9.48244991572965
"ENSG00000144115",8.62967586891283
"ENSG00000144118",13.7942076115849
"ENSG00000144120",10.1856384979114
"ENSG00000144134",10.5692112276489
"ENSG00000144136",12.6147956193698
"ENSG00000144152",6.02301829709235
"ENSG00000144158",5.37094160051266
"ENSG00000144161",11.6269817597436
"ENSG00000144182",10.5579401153139
"ENSG00000144199",11.8186152482738
"ENSG00000144214",6.6510495197054
"ENSG00000144218",10.4277728231093
"ENSG00000144224",14.7028182491744
"ENSG00000144228",12.1579112823799
"ENSG00000144229",6.81151419189864
"ENSG00000144230",6.6510495197054
"ENSG00000144231",11.4854276155295
"ENSG00000144233",12.5621771082004
"ENSG00000144278",5.73351167989737
"ENSG00000144283",13.6999370199092
"ENSG00000144285",6.95590410123382
"ENSG00000144306",12.7272363544709
"ENSG00000144320",12.5075665927988
"ENSG00000144331",8.17829652257027
"ENSG00000144339",6.6510495197054
"ENSG00000144354",7.98985143315716
"ENSG00000144355",2.56358667845506
"ENSG00000144357",15.0486612421537
"ENSG00000144362",9.16349952064219
"ENSG00000144366",10.9255304521903
"ENSG00000144369",10.4883991820608
"ENSG00000144381",15.323266845666
"ENSG00000144395",7.98985143315716
"ENSG00000144401",11.2395437113968
"ENSG00000144406",6.47047727406358
"ENSG00000144410",2.56358667845506
"ENSG00000144426",12.4043646020501
"ENSG00000144445",12.223582570885
"ENSG00000144451",11.9494490790965
"ENSG00000144455",11.4913646405374
"ENSG00000144468",12.216431651457
"ENSG00000144476",13.3259687171655
"ENSG00000144485",7.08714863451207
"ENSG00000144488",7.42156767358263
"ENSG00000144504",10.0474024557193
"ENSG00000144524",11.9537556346552
"ENSG00000144535",11.5887262407336
"ENSG00000144554",8.71333379795974
"ENSG00000144559",10.5002246174576
"ENSG00000144560",12.7297497611012
"ENSG00000144566",13.5600601671883
"ENSG00000144567",12.9867025886022
"ENSG00000144579",14.1310674795981
"ENSG00000144580",13.3025233601312
"ENSG00000144589",11.14478726038
"ENSG00000144591",11.6747223486898
"ENSG00000144596",13.7699905924289
"ENSG00000144597",12.0891074875501
"ENSG00000144619",8.97297761459276
"ENSG00000144635",13.821563737019
"ENSG00000144642",12.5394346464618
"ENSG00000144644",6.02301829709235
"ENSG00000144645",10.0634325655383
"ENSG00000144647",11.9320931399627
"ENSG00000144648",7.60798079781351
"ENSG00000144649",7.77304004408401
"ENSG00000144655",13.9293623137813
"ENSG00000144659",12.2342429275735
"ENSG00000144668",14.3841645611108
"ENSG00000144671",5.73351167989737
"ENSG00000144674",15.1831189060271
"ENSG00000144677",13.4439354866111
"ENSG00000144681",7.20744286822978
"ENSG00000144711",13.4861710811687
"ENSG00000144712",13.4712284821206
"ENSG00000144713",16.2941629546896
"ENSG00000144724",14.4304792061317
"ENSG00000144730",10.9167335039531
"ENSG00000144736",11.9320931399627
"ENSG00000144741",11.9919468511593
"ENSG00000144744",14.4663386233052
"ENSG00000144746",15.5679827298816
"ENSG00000144747",13.0423562979308
"ENSG00000144749",14.7963073864199
"ENSG00000144791",13.0117029838645
"ENSG00000144792",9.96446611473724
"ENSG00000144802",12.8031852077042
"ENSG00000144810",12.6941572412605
"ENSG00000144815",14.2078936400006
"ENSG00000144821",7.51778298884193
"ENSG00000144824",15.7979550682114
"ENSG00000144827",13.0301730161743
"ENSG00000144834",5.73351167989737
"ENSG00000144837",11.14478726038
"ENSG00000144840",12.3948939222571
"ENSG00000144843",11.8787362407114
"ENSG00000144847",8.79240536895094
"ENSG00000144848",13.1172159723714
"ENSG00000144852",6.02301829709235
"ENSG00000144857",10.6457357198089
"ENSG00000144867",12.9222378793479
"ENSG00000144868",8.23601202042655
"ENSG00000144891",10.2430667779605
"ENSG00000144893",6.02301829709235
"ENSG00000144895",14.4663386233052
"ENSG00000144908",13.0763271412586
"ENSG00000144909",11.7608033715651
"ENSG00000144935",13.2298106812582
"ENSG00000144959",13.3669105974965
"ENSG00000145012",15.1831189060271
"ENSG00000145014",10.8627946968423
"ENSG00000145016",12.8662256022426
"ENSG00000145020",12.657664364127
"ENSG00000145022",12.9548302678825
"ENSG00000145029",11.7657105022855
"ENSG00000145040",2.56358667845506
"ENSG00000145041",12.5565250146209
"ENSG00000145050",12.7171387101632
"ENSG00000145075",8.1181755301327
"ENSG00000145088",9.00653017430379
"ENSG00000145147",10.7082449212869
"ENSG00000145191",13.4591619608357
"ENSG00000145194",8.23601202042655
"ENSG00000145214",10.1104811383427
"ENSG00000145216",12.4262240360139
"ENSG00000145217",4.14854917917621
"ENSG00000145220",11.1066184987103
"ENSG00000145241",11.3016789380755
"ENSG00000145242",4.88551477334242
"ENSG00000145244",14.7757790503635
"ENSG00000145246",12.6470660057869
"ENSG00000145247",11.1746114757624
"ENSG00000145248",7.42156767358263
"ENSG00000145283",5.73351167989737
"ENSG00000145284",10.6350490410117
"ENSG00000145287",4.88551477334242
"ENSG00000145293",12.1653574668628
"ENSG00000145331",10.5692112276489
"ENSG00000145332",11.7310048242868
"ENSG00000145335",10.6668744868671
"ENSG00000145337",13.541582047068
"ENSG00000145348",12.2829754993971
"ENSG00000145349",15.9889337298879
"ENSG00000145354",12.1277361684408
"ENSG00000145358",7.42156767358263
"ENSG00000145362",15.3488347844005
"ENSG00000145365",12.0614385154062
"ENSG00000145375",10.4401036250201
"ENSG00000145386",8.23601202042655
"ENSG00000145388",12.3267990452695
"ENSG00000145390",14.3288727771787
"ENSG00000145391",14.941068366638
"ENSG00000145414",10.8536055253877
"ENSG00000145416",10.9429650455263
"ENSG00000145423",7.84898889731731
"ENSG00000145425",16.6559309011315
"ENSG00000145428",8.49432401601794
"ENSG00000145431",11.5437262560942
"ENSG00000145439",13.1381802057927
"ENSG00000145476",13.4223447783905
"ENSG00000145491",2.56358667845506
"ENSG00000145494",13.3861575094052
"ENSG00000145495",15.1977170515484
"ENSG00000145506",7.08714863451207
"ENSG00000145545",9.5061011837943
"ENSG00000145555",11.288100531575
"ENSG00000145569",10.5465802531494
"ENSG00000145592",15.7427182448506
"ENSG00000145604",10.4401036250201
"ENSG00000145623",13.8679380001183
"ENSG00000145632",12.5593538293329
"ENSG00000145649",7.08714863451207
"ENSG00000145675",14.7568040011541
"ENSG00000145681",7.98985143315716
"ENSG00000145685",12.8707874875959
"ENSG00000145687",13.3474034377752
"ENSG00000145692",2.56358667845506
"ENSG00000145700",4.14854917917621
"ENSG00000145703",11.8696483678834
"ENSG00000145708",8.86736742663216
"ENSG00000145715",13.064428558012
"ENSG00000145723",11.5607661593927
"ENSG00000145725",14.26965094579
"ENSG00000145730",17.6767183694225
"ENSG00000145734",13.5430118737865
"ENSG00000145736",10.5465802531494
"ENSG00000145740",13.0743508463729
"ENSG00000145741",15.5403297851894
"ENSG00000145743",13.1513641947833
"ENSG00000145757",5.73351167989737
"ENSG00000145777",11.0594417053422
"ENSG00000145779",11.4854276155295
"ENSG00000145780",14.4204012309581
"ENSG00000145781",12.7815443763192
"ENSG00000145782",12.7936071141607
"ENSG00000145794",7.31847418061853
"ENSG00000145808",6.81151419189864
"ENSG00000145817",12.4749786662985
"ENSG00000145819",13.7278651167562
"ENSG00000145824",7.20744286822978
"ENSG00000145833",13.7490816026659
"ENSG00000145850",6.47047727406358
"ENSG00000145860",13.4772241065042
"ENSG00000145861",7.84898889731731
"ENSG00000145864",7.08714863451207
"ENSG00000145868",13.3893405113382
"ENSG00000145882",10.8719257085945
"ENSG00000145901",13.9564407183279
"ENSG00000145907",14.7388243287461
"ENSG00000145908",10.6025056677474
"ENSG00000145911",10.0949681389714
"ENSG00000145912",12.7018584786273
"ENSG00000145916",12.8338820049271
"ENSG00000145919",12.5565250146209
"ENSG00000145934",14.6757003365529
"ENSG00000145936",10.8350497063594
"ENSG00000145945",10.8627946968423
"ENSG00000145949",9.07138131865375
"ENSG00000145979",11.7899988712438
"ENSG00000145982",11.6589837012476
"ENSG00000145990",13.5671045905637
"ENSG00000145996",10.8162521109053
"ENSG00000146001",7.77304004408401
"ENSG00000146005",6.47047727406358
"ENSG00000146006",4.14854917917621
"ENSG00000146007",13.6503863640785
"ENSG00000146013",6.47047727406358
"ENSG00000146021",13.4576465247291
"ENSG00000146054",10.9516039638002
"ENSG00000146063",12.3531203234254
"ENSG00000146066",13.6263074456201
"ENSG00000146067",12.7095188242756
"ENSG00000146070",6.81151419189864
"ENSG00000146072",11.892261605783
"ENSG00000146083",11.7158715207616
"ENSG00000146085",14.2266999869109
"ENSG00000146090",5.37094160051266
"ENSG00000146094",9.07138131865375
"ENSG00000146109",11.514871393422
"ENSG00000146112",12.4689736834732
"ENSG00000146122",13.4921050537129
"ENSG00000146143",9.89450355656967
"ENSG00000146147",15.7267646028592
"ENSG00000146151",9.00653017430379
"ENSG00000146192",11.0433669424842
"ENSG00000146197",11.1746114757624
"ENSG00000146205",7.31847418061853
"ENSG00000146215",12.1690661965167
"ENSG00000146216",5.37094160051266
"ENSG00000146223",14.2893789499492
"ENSG00000146232",8.79240536895094
"ENSG00000146233",9.99821490609178
"ENSG00000146242",9.13344228678601
"ENSG00000146243",10.476476014685
"ENSG00000146247",13.8132927354248
"ENSG00000146250",6.02301829709235
"ENSG00000146263",10.0311922285381
"ENSG00000146267",5.73351167989737
"ENSG00000146278",13.7821499146453
"ENSG00000146281",12.1983977286268
"ENSG00000146282",12.7322587965873
"ENSG00000146285",5.37094160051266
"ENSG00000146350",9.91231483268614
"ENSG00000146373",12.1429026160351
"ENSG00000146374",7.60798079781351
"ENSG00000146376",11.6536990981193
"ENSG00000146386",10.6877079902842
"ENSG00000146409",11.225364776227
"ENSG00000146410",6.02301829709235
"ENSG00000146411",11.9835468563029
"ENSG00000146414",12.6890001489384
"ENSG00000146416",13.6168338043675
"ENSG00000146425",14.357596323476
"ENSG00000146426",10.9255304521903
"ENSG00000146433",13.2544576877474
"ENSG00000146453",4.14854917917621
"ENSG00000146457",13.7821499146453
"ENSG00000146463",13.2137408921302
"ENSG00000146469",9.43395139803846
"ENSG00000146476",12.3789699742686
"ENSG00000146477",10.1856384979114
"ENSG00000146521",6.02301829709235
"ENSG00000146535",13.462188065859
"ENSG00000146540",11.9793284467451
"ENSG00000146555",9.22179816120685
"ENSG00000146556",9.85820742734668
"ENSG00000146574",11.5437262560942
"ENSG00000146576",11.2038316146774
"ENSG00000146587",12.3917231626492
"ENSG00000146592",14.3272140301827
"ENSG00000146648",12.8570583272932
"ENSG00000146670",7.60798079781351
"ENSG00000146674",14.9593885498448
"ENSG00000146676",13.5866479281904
"ENSG00000146677",9.68252775117857
"ENSG00000146700",6.95590410123382
"ENSG00000146701",15.6512152609935
"ENSG00000146707",10.9601914596369
"ENSG00000146729",16.2221329061809
"ENSG00000146731",14.6996165278406
"ENSG00000146733",10.8162521109053
"ENSG00000146755",5.37094160051266
"ENSG00000146757",10.1104811383427
"ENSG00000146776",10.2430667779605
"ENSG00000146802",13.6141155839856
"ENSG00000146809",12.9244337626347
"ENSG00000146826",10.3644865783754
"ENSG00000146828",11.0189138987596
"ENSG00000146830",13.2786906876912
"ENSG00000146833",11.7803325366504
"ENSG00000146834",11.6902911512982
"ENSG00000146842",11.5551085245308
"ENSG00000146856",8.75341123733508
"ENSG00000146858",8.83037321914996
"ENSG00000146859",12.459919082365
"ENSG00000146872",12.6337076229319
"ENSG00000146904",2.56358667845506
"ENSG00000146909",12.0332284956946
"ENSG00000146918",10.0634325655383
"ENSG00000146926",10.5579401153139
"ENSG00000146938",9.78275519891722
"ENSG00000146950",7.51778298884193
"ENSG00000146963",13.1625696494911
"ENSG00000146966",11.892261605783
"ENSG00000147003",7.98985143315716
"ENSG00000147010",13.7515572704393
"ENSG00000147027",14.0398265847789
"ENSG00000147036",6.6510495197054
"ENSG00000147041",6.02301829709235
"ENSG00000147044",11.6694951870262
"ENSG00000147050",12.7521755241624
"ENSG00000147065",16.1151747905824
"ENSG00000147082",6.47047727406358
"ENSG00000147099",12.0574421276959
"ENSG00000147100",11.5997602910085
"ENSG00000147113",14.0609395719321
"ENSG00000147118",10.476476014685
"ENSG00000147119",11.3869539185013
"ENSG00000147121",11.1597764345995
"ENSG00000147123",14.0266000919048
"ENSG00000147124",12.2271447826723
"ENSG00000147130",11.6215784012142
"ENSG00000147133",13.3391969592146
"ENSG00000147140",14.3801703862426
"ENSG00000147144",8.93862610980198
"ENSG00000147145",6.95590410123382
"ENSG00000147155",12.3853606604256
"ENSG00000147162",15.9110696390948
"ENSG00000147164",13.5126838341843
"ENSG00000147166",13.9745679454989
"ENSG00000147168",8.23601202042655
"ENSG00000147174",8.58595449148351
"ENSG00000147180",11.4059370218689
"ENSG00000147202",11.9793284467451
"ENSG00000147206",7.84898889731731
"ENSG00000147224",12.6941572412605
"ENSG00000147231",8.71333379795974
"ENSG00000147251",11.594253814702
"ENSG00000147255",8.75341123733508
"ENSG00000147257",11.0189138987596
"ENSG00000147274",14.8353414841015
"ENSG00000147316",11.8233299421458
"ENSG00000147324",11.9451296296396
"ENSG00000147364",12.3234748616769
"ENSG00000147378",4.14854917917621
"ENSG00000147382",11.8605028853343
"ENSG00000147383",11.6747223486898
"ENSG00000147394",9.10274548956309
"ENSG00000147400",12.4987517280588
"ENSG00000147403",16.9162508704192
"ENSG00000147408",13.7203018226798
"ENSG00000147416",14.3437162980804
"ENSG00000147419",13.2047352758663
"ENSG00000147421",11.9233362387774
"ENSG00000147437",9.27783219612118
"ENSG00000147439",11.288100531575
"ENSG00000147443",9.78275519891722
"ENSG00000147454",12.992993419969
"ENSG00000147457",13.0383066249815
"ENSG00000147459",13.2065409019354
"ENSG00000147471",13.5755127447619
"ENSG00000147475",13.548717051922
"ENSG00000147485",13.8073557104169
"ENSG00000147526",15.8462407681815
"ENSG00000147533",12.6864146732627
"ENSG00000147535",10.7583435328773
"ENSG00000147536",7.08714863451207
"ENSG00000147548",13.4192338444823
"ENSG00000147573",13.9117615459906
"ENSG00000147576",13.7328853742479
"ENSG00000147586",12.3563769727561
"ENSG00000147588",6.02301829709235
"ENSG00000147592",12.1541737283701
"ENSG00000147601",12.6093463398377
"ENSG00000147604",16.344638966818
"ENSG00000147606",7.08714863451207
"ENSG00000147642",10.6563438193749
"ENSG00000147649",14.3873519582447
"ENSG00000147650",13.0684056660879
"ENSG00000147654",12.296602000141
"ENSG00000147669",13.3604374737222
"ENSG00000147676",10.1709169922047
"ENSG00000147677",15.0124773080843
"ENSG00000147679",11.9793284467451
"ENSG00000147684",15.3565802694578
"ENSG00000147687",12.3367258851747
"ENSG00000147697",7.20744286822978
"ENSG00000147724",4.14854917917621
"ENSG00000147789",11.6161547292592
"ENSG00000147799",6.81151419189864
"ENSG00000147804",7.77304004408401
"ENSG00000147813",10.8162521109053
"ENSG00000147852",15.1407794441421
"ENSG00000147853",15.3002000091496
"ENSG00000147854",13.1095164475405
"ENSG00000147862",14.3469942206286
"ENSG00000147872",15.2577268825315
"ENSG00000147874",11.6430714622819
"ENSG00000147883",9.83971108372929
"ENSG00000147889",4.14854917917621
"ENSG00000147894",13.3058961145391
"ENSG00000147905",11.14478726038
"ENSG00000147912",9.98143919334096
"ENSG00000147955",12.073361682782
"ENSG00000147996",10.214638369634
"ENSG00000148019",10.7779057992558
"ENSG00000148053",11.9580493730654
"ENSG00000148057",9.78275519891722
"ENSG00000148082",5.73351167989737
"ENSG00000148090",13.0524310249124
"ENSG00000148110",13.2191174016107
"ENSG00000148120",15.2004378350816
"ENSG00000148143",11.509030514833
"ENSG00000148153",11.6161547292592
"ENSG00000148154",12.8547573777769
"ENSG00000148158",11.4370307909704
"ENSG00000148175",16.1935124314628
"ENSG00000148180",17.1738617990979
"ENSG00000148187",12.8031852077042
"ENSG00000148200",9.16349952064219
"ENSG00000148218",14.3665068770403
"ENSG00000148219",10.5914926750249
"ENSG00000148225",12.1429026160351
"ENSG00000148229",13.0096360851716
"ENSG00000148248",14.3080000890127
"ENSG00000148288",10.0311922285381
"ENSG00000148290",12.4839395338701
"ENSG00000148291",10.0311922285381
"ENSG00000148296",11.4431699280678
"ENSG00000148297",11.509030514833
"ENSG00000148300",11.196581875598
"ENSG00000148303",16.6468166705832
"ENSG00000148308",12.7297497611012
"ENSG00000148331",10.7284936051307
"ENSG00000148334",13.0240425747647
"ENSG00000148335",12.1391259252896
"ENSG00000148337",13.1457286601138
"ENSG00000148339",11.8186152482738
"ENSG00000148341",12.6497229034824
"ENSG00000148343",13.1305920487021
"ENSG00000148346",4.88551477334242
"ENSG00000148356",11.7410062164443
"ENSG00000148357",10.0949681389714
"ENSG00000148358",13.6909362195142
"ENSG00000148362",10.7484620213633
"ENSG00000148377",6.47047727406358
"ENSG00000148384",11.0189138987596
"ENSG00000148396",13.1773761429276
"ENSG00000148399",11.9101004116207
"ENSG00000148400",11.9364517385676
"ENSG00000148408",4.14854917917621
"ENSG00000148411",12.8362164634314
"ENSG00000148426",7.08714863451207
"ENSG00000148429",11.6377281412076
"ENSG00000148444",11.6747223486898
"ENSG00000148450",13.9006510171398
"ENSG00000148459",10.0634325655383
"ENSG00000148468",11.804378010617
"ENSG00000148481",12.5845666173593
"ENSG00000148484",14.5042673268792
"ENSG00000148488",11.6377281412076
"ENSG00000148498",13.1607081072446
"ENSG00000148516",14.8183200677017
"ENSG00000148541",11.218222706983
"ENSG00000148572",11.2535846498745
"ENSG00000148600",7.84898889731731
"ENSG00000148604",7.31847418061853
"ENSG00000148606",12.3980577284393
"ENSG00000148634",13.5444402848348
"ENSG00000148655",10.9516039638002
"ENSG00000148660",12.0614385154062
"ENSG00000148671",13.0743508463729
"ENSG00000148672",14.8504331811909
"ENSG00000148677",19.8930764674623
"ENSG00000148680",7.08714863451207
"ENSG00000148688",12.2932074220081
"ENSG00000148690",12.9089919251729
"ENSG00000148700",14.5275664662704
"ENSG00000148702",7.60798079781351
"ENSG00000148719",13.0219932916916
"ENSG00000148730",15.3614508157888
"ENSG00000148737",11.1523013140373
"ENSG00000148773",9.68252775117857
"ENSG00000148803",9.89450355656967
"ENSG00000148814",8.97297761459276
"ENSG00000148824",8.93862610980198
"ENSG00000148832",8.1181755301327
"ENSG00000148834",14.5932190064992
"ENSG00000148835",9.458404441763
"ENSG00000148840",12.4508072939234
"ENSG00000148841",14.6906137214597
"ENSG00000148842",10.8350497063594
"ENSG00000148843",12.5480051372562
"ENSG00000148848",7.60798079781351
"ENSG00000148908",10.0147977902874
"ENSG00000148925",12.7272363544709
"ENSG00000148926",13.1017756105075
"ENSG00000148935",10.4523299273533
"ENSG00000148943",12.0614385154062
"ENSG00000148948",8.05543977478473
"ENSG00000148950",11.3741583131962
"ENSG00000148985",11.1143334638383
"ENSG00000149016",9.59700967999251
"ENSG00000149050",6.81151419189864
"ENSG00000149054",6.26402639659615
"ENSG00000149084",14.7444282440217
"ENSG00000149089",12.3757639839695
"ENSG00000149090",11.9708544426998
"ENSG00000149091",12.8150690890753
"ENSG00000149100",14.5369252992554
"ENSG00000149115",13.6490591376363
"ENSG00000149131",15.2494304898811
"ENSG00000149136",13.6316931543138
"ENSG00000149150",10.476476014685
"ENSG00000149177",11.1220073917237
"ENSG00000149179",11.0988620550759
"ENSG00000149182",13.944588788006
"ENSG00000149187",14.6192080532368
"ENSG00000149196",13.0978895609097
"ENSG00000149201",6.26402639659615
"ENSG00000149212",11.5031658927698
"ENSG00000149218",13.3193088320973
"ENSG00000149231",12.8843872273367
"ENSG00000149243",5.37094160051266
"ENSG00000149256",7.60798079781351
"ENSG00000149257",13.2596848494109
"ENSG00000149260",9.85820742734668
"ENSG00000149262",11.9101004116207
"ENSG00000149269",10.8256815238252
"ENSG00000149273",16.4238007226465
"ENSG00000149289",12.9288155277066
"ENSG00000149292",10.3773678696721
"ENSG00000149294",15.979460458919
"ENSG00000149308",11.6902911512982
"ENSG00000149311",13.9575133540955
"ENSG00000149313",13.3276288957616
"ENSG00000149328",7.31847418061853
"ENSG00000149346",7.60798079781351
"ENSG00000149357",13.8460959846959
"ENSG00000149380",6.6510495197054
"ENSG00000149403",2.56358667845506
"ENSG00000149418",7.92113868307314
"ENSG00000149428",14.1186550697884
"ENSG00000149451",11.9793284467451
"ENSG00000149474",10.8256815238252
"ENSG00000149476",10.8719257085945
"ENSG00000149480",12.902323061029
"ENSG00000149483",11.8091393847107
"ENSG00000149485",13.3391969592146
"ENSG00000149489",9.27783219612118
"ENSG00000149499",12.0930172326012
"ENSG00000149503",9.27783219612118
"ENSG00000149506",6.47047727406358
"ENSG00000149527",4.88551477334242
"ENSG00000149531",10.5235886105231
"ENSG00000149532",13.897301104549
"ENSG00000149534",4.14854917917621
"ENSG00000149541",10.6563438193749
"ENSG00000149547",14.0639306477255
"ENSG00000149548",6.47047727406358
"ENSG00000149554",8.29150713301826
"ENSG00000149557",12.87533499346
"ENSG00000149564",14.2936321813343
"ENSG00000149571",5.37094160051266
"ENSG00000149573",12.5365664645213
"ENSG00000149575",13.1286887568154
"ENSG00000149577",12.8570583272932
"ENSG00000149582",11.0674124164508
"ENSG00000149591",15.824947066221
"ENSG00000149596",15.2072174295168
"ENSG00000149599",8.17829652257027
"ENSG00000149600",13.1172159723714
"ENSG00000149633",9.458404441763
"ENSG00000149634",8.71333379795974
"ENSG00000149636",10.7875883526532
"ENSG00000149639",13.0881283934909
"ENSG00000149646",4.88551477334242
"ENSG00000149654",5.73351167989737
"ENSG00000149657",12.4987517280588
"ENSG00000149658",12.8385471505957
"ENSG00000149679",10.6563438193749
"ENSG00000149716",11.2812631015215
"ENSG00000149743",12.6066139620496
"ENSG00000149761",11.7754749730011
"ENSG00000149781",10.0147977902874
"ENSG00000149782",11.1523013140373
"ENSG00000149792",12.9888025817544
"ENSG00000149798",11.218222706983
"ENSG00000149806",14.5980417737822
"ENSG00000149809",13.2351277451669
"ENSG00000149823",12.7936071141607
"ENSG00000149922",5.37094160051266
"ENSG00000149923",12.3789699742686
"ENSG00000149925",17.3431521543342
"ENSG00000149927",7.08714863451207
"ENSG00000149929",11.7608033715651
"ENSG00000149930",13.1191344501021
"ENSG00000149932",13.1381802057927
"ENSG00000149970",7.31847418061853
"ENSG00000150045",6.26402639659615
"ENSG00000150048",10.1104811383427
"ENSG00000150051",5.37094160051266
"ENSG00000150054",11.8280292786817
"ENSG00000150076",6.6510495197054
"ENSG00000150093",16.8362893544276
"ENSG00000150275",7.08714863451207
"ENSG00000150281",10.698012998676
"ENSG00000150316",13.368524350507
"ENSG00000150337",9.3050536648562
"ENSG00000150347",14.6626056694743
"ENSG00000150394",2.56358667845506
"ENSG00000150401",13.7428737831011
"ENSG00000150403",12.8593556128756
"ENSG00000150433",11.1143334638383
"ENSG00000150455",10.5351302324058
"ENSG00000150456",9.68252775117857
"ENSG00000150457",13.4207901499632
"ENSG00000150459",14.7568040011541
"ENSG00000150471",9.59700967999251
"ENSG00000150477",10.6134352279056
"ENSG00000150510",10.6563438193749
"ENSG00000150527",6.6510495197054
"ENSG00000150540",12.1429026160351
"ENSG00000150551",5.73351167989737
"ENSG00000150593",13.5656984549349
"ENSG00000150594",7.98985143315716
"ENSG00000150625",7.60798079781351
"ENSG00000150627",8.62967586891283
"ENSG00000150628",6.81151419189864
"ENSG00000150630",10.9856514446279
"ENSG00000150636",9.57481393387831
"ENSG00000150637",7.31847418061853
"ENSG00000150667",6.95590410123382
"ENSG00000150672",10.6350490410117
"ENSG00000150681",8.34494639197972
"ENSG00000150687",13.4408708119783
"ENSG00000150712",12.7887941153986
"ENSG00000150722",11.804378010617
"ENSG00000150753",14.7331985610593
"ENSG00000150756",11.5997602910085
"ENSG00000150760",13.3845633710763
"ENSG00000150764",13.6100286264624
"ENSG00000150768",15.0057526506844
"ENSG00000150773",7.98985143315716
"ENSG00000150776",11.6954436390638
"ENSG00000150779",13.8309586097203
"ENSG00000150782",10.0634325655383
"ENSG00000150783",4.14854917917621
"ENSG00000150787",12.2761136788949
"ENSG00000150867",12.194763734159
"ENSG00000150893",8.75341123733508
"ENSG00000150907",12.9719164192224
"ENSG00000150938",14.5181465254549
"ENSG00000150961",12.5565250146209
"ENSG00000150967",9.61886911395625
"ENSG00000150977",11.2465812621367
"ENSG00000150990",10.9429650455263
"ENSG00000150991",17.2054690840294
"ENSG00000150995",13.2119442604647
"ENSG00000151006",7.08714863451207
"ENSG00000151012",7.31847418061853
"ENSG00000151014",9.40907672939943
"ENSG00000151062",9.00653017430379
"ENSG00000151065",9.83971108372929
"ENSG00000151067",14.7702958278137
"ENSG00000151079",7.51778298884193
"ENSG00000151090",11.892261605783
"ENSG00000151092",13.1267829506718
"ENSG00000151093",11.2674902518997
"ENSG00000151116",12.4869141638742
"ENSG00000151117",10.6668744868671
"ENSG00000151131",9.78275519891722
"ENSG00000151135",14.2435065569735
"ENSG00000151136",8.93862610980198
"ENSG00000151148",13.7845695295368
"ENSG00000151150",15.7994513295371
"ENSG00000151151",10.9342740852623
"ENSG00000151164",7.92113868307314
"ENSG00000151176",12.216431651457
"ENSG00000151208",12.3400197108998
"ENSG00000151229",11.8138850963614
"ENSG00000151233",11.7005777905353
"ENSG00000151239",12.6890001489384
"ENSG00000151240",13.3058961145391
"ENSG00000151247",12.5956324053859
"ENSG00000151276",13.4697256746504
"ENSG00000151287",10.8719257085945
"ENSG00000151292",12.2622913452254
"ENSG00000151303",6.02301829709235
"ENSG00000151304",10.9940392301206
"ENSG00000151320",15.4202067321319
"ENSG00000151322",7.08714863451207
"ENSG00000151327",14.1602423461297
"ENSG00000151332",11.6269817597436
"ENSG00000151338",10.6134352279056
"ENSG00000151348",13.3941018854319
"ENSG00000151353",11.4734797622251
"ENSG00000151360",5.37094160051266
"ENSG00000151364",7.31847418061853
"ENSG00000151365",10.5002246174576
"ENSG00000151366",12.1315427538705
"ENSG00000151376",12.6444042060634
"ENSG00000151388",10.3773678696721
"ENSG00000151413",12.5621771082004
"ENSG00000151414",15.6833383906565
"ENSG00000151422",12.3465848873755
"ENSG00000151445",11.9145258600015
"ENSG00000151458",12.194763734159
"ENSG00000151461",12.7347634761068
"ENSG00000151465",13.1286887568154
"ENSG00000151466",10.898977033149
"ENSG00000151468",11.3612482043088
"ENSG00000151470",10.4153357198711
"ENSG00000151474",13.0920407892198
"ENSG00000151490",9.07138131865375
"ENSG00000151491",14.2311417854962
"ENSG00000151498",13.5024311359212
"ENSG00000151500",12.8362164634314
"ENSG00000151502",13.0342455525156
"ENSG00000151503",11.4184550617153
"ENSG00000151532",11.8741994601146
"ENSG00000151552",13.2421868175545
"ENSG00000151553",13.0423562979308
"ENSG00000151572",4.88551477334242
"ENSG00000151575",7.08714863451207
"ENSG00000151576",11.5494286154584
"ENSG00000151611",10.8719257085945
"ENSG00000151612",12.1008050789937
"ENSG00000151617",13.2923575279977
"ENSG00000151623",12.4075077297441
"ENSG00000151632",11.7360141871005
"ENSG00000151640",10.4523299273533
"ENSG00000151650",7.98985143315716
"ENSG00000151651",6.95590410123382
"ENSG00000151657",11.2812631015215
"ENSG00000151665",11.6954436390638
"ENSG00000151687",9.98143919334096
"ENSG00000151689",12.1315427538705
"ENSG00000151690",13.1152949400757
"ENSG00000151692",12.0812560665889
"ENSG00000151693",12.3917231626492
"ENSG00000151694",12.8478324282847
"ENSG00000151702",12.8197953669824
"ENSG00000151704",2.56358667845506
"ENSG00000151718",13.6609604474453
"ENSG00000151725",9.10274548956309
"ENSG00000151726",16.916112945463
"ENSG00000151729",18.2362053834116
"ENSG00000151743",11.8186152482738
"ENSG00000151746",11.4308654181647
"ENSG00000151748",13.0723718405196
"ENSG00000151773",9.59700967999251
"ENSG00000151778",10.7779057992558
"ENSG00000151779",13.5155998433445
"ENSG00000151789",9.68252775117857
"ENSG00000151806",12.6941572412605
"ENSG00000151834",5.37094160051266
"ENSG00000151835",13.9724471144798
"ENSG00000151846",7.92113868307314
"ENSG00000151849",11.0514267122781
"ENSG00000151876",10.5914926750249
"ENSG00000151881",11.1372338659484
"ENSG00000151882",7.31847418061853
"ENSG00000151883",11.57760714877
"ENSG00000151892",12.3433060335985
"ENSG00000151893",13.4439354866111
"ENSG00000151914",17.0084074615445
"ENSG00000151917",7.60798079781351
"ENSG00000151923",13.5628820654785
"ENSG00000151929",14.6014767635976
"ENSG00000151948",6.95590410123382
"ENSG00000151967",11.8967420287657
"ENSG00000152022",13.1286887568154
"ENSG00000152042",4.88551477334242
"ENSG00000152049",10.7972063552148
"ENSG00000152056",5.37094160051266
"ENSG00000152061",14.5405087463061
"ENSG00000152076",4.14854917917621
"ENSG00000152078",14.6467335492718
"ENSG00000152082",12.3433060335985
"ENSG00000152086",12.8662256022426
"ENSG00000152092",8.83037321914996
"ENSG00000152102",14.7757790503635
"ENSG00000152104",14.1546414524918
"ENSG00000152117",12.5734152958232
"ENSG00000152127",14.9087146704317
"ENSG00000152128",5.37094160051266
"ENSG00000152133",11.5607661593927
"ENSG00000152137",16.88290598459
"ENSG00000152147",10.5579401153139
"ENSG00000152154",9.80199141778014
"ENSG00000152193",11.5997602910085
"ENSG00000152207",10.5465802531494
"ENSG00000152213",8.67211113523323
"ENSG00000152217",10.9856514446279
"ENSG00000152219",13.2579445656765
"ENSG00000152223",13.5401508018704
"ENSG00000152229",10.1104811383427
"ENSG00000152234",17.9489435620652
"ENSG00000152240",10.6025056677474
"ENSG00000152242",13.4742294089247
"ENSG00000152256",13.7930063666855
"ENSG00000152268",12.6812297798441
"ENSG00000152270",11.0988620550759
"ENSG00000152284",11.0832229312983
"ENSG00000152291",15.4680331429608
"ENSG00000152292",5.37094160051266
"ENSG00000152315",7.60798079781351
"ENSG00000152332",14.0080839655589
"ENSG00000152348",10.6134352279056
"ENSG00000152359",10.3117795280445
"ENSG00000152377",13.2101453886096
"ENSG00000152380",7.92113868307314
"ENSG00000152382",11.3547495670101
"ENSG00000152402",12.8268558788277
"ENSG00000152404",11.8091393847107
"ENSG00000152409",13.0604404558431
"ENSG00000152413",13.9369956386838
"ENSG00000152422",10.7385123609557
"ENSG00000152433",9.458404441763
"ENSG00000152439",9.99821490609178
"ENSG00000152443",11.7459810318596
"ENSG00000152454",10.8443574485857
"ENSG00000152455",9.89450355656967
"ENSG00000152457",10.2289225956402
"ENSG00000152463",6.02301829709235
"ENSG00000152464",10.3251379108995
"ENSG00000152465",11.8741994601146
"ENSG00000152467",5.37094160051266
"ENSG00000152484",13.4546108686046
"ENSG00000152487",7.77304004408401
"ENSG00000152492",14.4738546342659
"ENSG00000152495",6.47047727406358
"ENSG00000152503",6.02301829709235
"ENSG00000152518",14.0549387520185
"ENSG00000152520",12.3821688559359
"ENSG00000152527",10.2430667779605
"ENSG00000152556",16.9637323091842
"ENSG00000152558",15.0273664637904
"ENSG00000152580",12.2999886097733
"ENSG00000152582",10.1104811383427
"ENSG00000152583",18.5619346995565
"ENSG00000152601",15.5749886683351
"ENSG00000152620",13.0783007325935
"ENSG00000152642",16.3987488871485
"ENSG00000152661",15.5840458201546
"ENSG00000152672",7.42156767358263
"ENSG00000152683",12.6120735524474
"ENSG00000152684",12.1008050789937
"ENSG00000152689",13.4300928906813
"ENSG00000152700",14.1686031263664
"ENSG00000152705",7.51778298884193
"ENSG00000152726",6.02301829709235
"ENSG00000152749",11.725978007212
"ENSG00000152760",10.476476014685
"ENSG00000152763",9.38376564087025
"ENSG00000152766",4.14854917917621
"ENSG00000152767",12.2863942096246
"ENSG00000152778",12.7272363544709
"ENSG00000152779",12.6011336324172
"ENSG00000152782",11.8233299421458
"ENSG00000152784",8.4462297278169
"ENSG00000152795",15.217998946604
"ENSG00000152804",9.72345801523345
"ENSG00000152818",14.8975805612164
"ENSG00000152822",10.8162521109053
"ENSG00000152894",13.5430118737865
"ENSG00000152904",12.4869141638742
"ENSG00000152926",12.6786303286168
"ENSG00000152931",7.42156767358263
"ENSG00000152932",8.3964766926198
"ENSG00000152939",9.13344228678601
"ENSG00000152942",12.8956232268167
"ENSG00000152944",13.3925165061065
"ENSG00000152952",13.1956730912902
"ENSG00000152953",7.42156767358263
"ENSG00000152990",13.0484095727172
"ENSG00000153006",12.2829754993971
"ENSG00000153012",11.4184550617153
"ENSG00000153015",12.5221393938861
"ENSG00000153029",11.1892955215195
"ENSG00000153037",11.0106699046647
"ENSG00000153044",9.16349952064219
"ENSG00000153046",12.0930172326012
"ENSG00000153048",12.0086015243235
"ENSG00000153064",8.1181755301327
"ENSG00000153066",12.6175125599862
"ENSG00000153071",13.4004260382038
"ENSG00000153094",10.7681578227043
"ENSG00000153107",12.0969164107609
"ENSG00000153113",16.6456525361931
"ENSG00000153130",14.8590686521504
"ENSG00000153132",14.4196230782742
"ENSG00000153140",11.8091393847107
"ENSG00000153147",14.1842647205905
"ENSG00000153157",8.23601202042655
"ENSG00000153162",11.14478726038
"ENSG00000153165",8.17829652257027
"ENSG00000153179",13.7240884260107
"ENSG00000153187",15.6037051292199
"ENSG00000153201",14.9869652549736
"ENSG00000153207",13.0362775176978
"ENSG00000153208",12.3234748616769
"ENSG00000153214",11.9750976664671
"ENSG00000153233",7.77304004408401
"ENSG00000153234",13.0881283934909
"ENSG00000153237",6.02301829709235
"ENSG00000153246",10.9255304521903
"ENSG00000153250",14.7660166444704
"ENSG00000153253",11.5031658927698
"ENSG00000153283",7.77304004408401
"ENSG00000153291",13.1095164475405
"ENSG00000153294",2.56358667845506
"ENSG00000153310",13.0998338941432
"ENSG00000153317",13.997693607065
"ENSG00000153339",13.4576465247291
"ENSG00000153347",2.56358667845506
"ENSG00000153363",10.2982962986809
"ENSG00000153391",11.14478726038
"ENSG00000153395",12.0812560665889
"ENSG00000153406",11.3416638079904
"ENSG00000153443",10.5119539100397
"ENSG00000153446",8.3964766926198
"ENSG00000153485",11.0352618928471
"ENSG00000153487",10.1410155064908
"ENSG00000153495",6.26402639659615
"ENSG00000153531",15.2814772624423
"ENSG00000153551",10.3383737380562
"ENSG00000153558",9.48244991572965
"ENSG00000153560",13.6701496188999
"ENSG00000153561",14.8908586152602
"ENSG00000153563",8.05543977478473
"ENSG00000153574",12.1353393219586
"ENSG00000153575",12.1653574668628
"ENSG00000153666",7.51778298884193
"ENSG00000153707",10.5002246174576
"ENSG00000153714",8.79240536895094
"ENSG00000153721",12.7069698924449
"ENSG00000153767",10.6350490410117
"ENSG00000153774",12.6708037540464
"ENSG00000153786",13.5838721792997
"ENSG00000153790",9.03932010942146
"ENSG00000153814",12.6038763994808
"ENSG00000153815",11.8091393847107
"ENSG00000153820",13.821563737019
"ENSG00000153823",12.146669445958
"ENSG00000153827",15.1294027855559
"ENSG00000153832",8.58595449148351
"ENSG00000153879",13.0998338941432
"ENSG00000153885",11.9793284467451
"ENSG00000153896",9.98143919334096
"ENSG00000153898",6.6510495197054
"ENSG00000153902",11.7360141871005
"ENSG00000153904",12.4231214648377
"ENSG00000153914",14.3371380248836
"ENSG00000153922",13.3555634993537
"ENSG00000153933",11.3612482043088
"ENSG00000153936",12.2932074220081
"ENSG00000153944",14.2842584652806
"ENSG00000153956",14.1611737180413
"ENSG00000153975",10.1104811383427
"ENSG00000153976",4.88551477334242
"ENSG00000153982",9.52937096311715
"ENSG00000153989",12.6890001489384
"ENSG00000153993",9.16349952064219
"ENSG00000154001",12.9288155277066
"ENSG00000154016",9.27783219612118
"ENSG00000154025",4.88551477334242
"ENSG00000154027",6.02301829709235
"ENSG00000154035",12.0168573124657
"ENSG00000154040",6.81151419189864
"ENSG00000154059",12.5016960046743
"ENSG00000154065",11.4184550617153
"ENSG00000154079",11.3218098931818
"ENSG00000154080",9.3050536648562
"ENSG00000154096",10.5002246174576
"ENSG00000154099",5.37094160051266
"ENSG00000154102",4.88551477334242
"ENSG00000154114",12.2448250902329
"ENSG00000154122",14.8670820552454
"ENSG00000154124",13.2457034434051
"ENSG00000154127",9.48244991572965
"ENSG00000154133",12.7644852834935
"ENSG00000154134",10.390135165746
"ENSG00000154144",13.2368957540168
"ENSG00000154146",9.38376564087025
"ENSG00000154153",15.3471988437111
"ENSG00000154174",14.4000315897964
"ENSG00000154175",12.5621771082004
"ENSG00000154188",10.8536055253877
"ENSG00000154217",12.4538509554762
"ENSG00000154222",12.5678071447733
"ENSG00000154229",12.0250661257412
"ENSG00000154237",10.390135165746
"ENSG00000154240",11.6430714622819
"ENSG00000154258",13.8239181970127
"ENSG00000154262",13.3893405113382
"ENSG00000154263",11.6851201957951
"ENSG00000154265",14.0296631398513
"ENSG00000154269",6.02301829709235
"ENSG00000154274",2.56358667845506
"ENSG00000154277",9.19294329853467
"ENSG00000154305",13.872494482519
"ENSG00000154309",11.0023785310333
"ENSG00000154310",12.3948939222571
"ENSG00000154316",4.14854917917621
"ENSG00000154319",2.56358667845506
"ENSG00000154328",11.6161547292592
"ENSG00000154330",15.000037970742
"ENSG00000154358",16.0914301763353
"ENSG00000154359",12.3596262872848
"ENSG00000154370",10.1709169922047
"ENSG00000154380",15.2823335883561
"ENSG00000154415",14.1234417199687
"ENSG00000154429",10.6242826101426
"ENSG00000154447",11.8138850963614
"ENSG00000154451",8.90343668133968
"ENSG00000154473",13.1324928329571
"ENSG00000154485",5.37094160051266
"ENSG00000154511",11.0674124164508
"ENSG00000154518",16.6995363936977
"ENSG00000154529",9.43395139803846
"ENSG00000154548",6.26402639659615
"ENSG00000154553",15.8252408941326
"ENSG00000154556",17.1818000932749
"ENSG00000154582",13.7378882229227
"ENSG00000154589",9.59700967999251
"ENSG00000154639",12.850144440063
"ENSG00000154640",11.5831774068129
"ENSG00000154642",12.0453861101208
"ENSG00000154645",6.26402639659615
"ENSG00000154654",10.2430667779605
"ENSG00000154655",8.23601202042655
"ENSG00000154678",14.9932549435882
"ENSG00000154710",6.95590410123382
"ENSG00000154719",12.9331840247337
"ENSG00000154721",13.3636776660801
"ENSG00000154723",15.9021837980296
"ENSG00000154727",12.9950842827131
"ENSG00000154734",16.1342725466261
"ENSG00000154736",12.6038763994808
"ENSG00000154743",11.8091393847107
"ENSG00000154760",9.66161876141559
"ENSG00000154767",12.5678071447733
"ENSG00000154781",11.6483950662594
"ENSG00000154783",12.8821294881578
"ENSG00000154803",12.2342429275735
"ENSG00000154813",13.171841500433
"ENSG00000154814",11.4734797622251
"ENSG00000154822",13.2209051280363
"ENSG00000154832",12.0930172326012
"ENSG00000154839",4.88551477334242
"ENSG00000154845",13.8472538459466
"ENSG00000154856",13.1075851285896
"ENSG00000154864",6.6510495197054
"ENSG00000154874",11.4370307909704
"ENSG00000154889",12.4447006391302
"ENSG00000154898",7.42156767358263
"ENSG00000154917",13.5372840447604
"ENSG00000154920",6.47047727406358
"ENSG00000154928",6.6510495197054
"ENSG00000154930",14.8076531426499
"ENSG00000154945",13.9692600107369
"ENSG00000154957",10.6877079902842
"ENSG00000154978",12.2553301976263
"ENSG00000155008",11.1143334638383
"ENSG00000155011",9.19294329853467
"ENSG00000155016",12.5762112173201
"ENSG00000155034",8.54086660195497
"ENSG00000155066",9.22179816120685
"ENSG00000155085",11.4431699280678
"ENSG00000155090",14.2868209793484
"ENSG00000155093",10.2289225956402
"ENSG00000155096",15.2494304898811
"ENSG00000155097",13.9499881020958
"ENSG00000155099",12.3531203234254
"ENSG00000155100",12.172765416597
"ENSG00000155111",12.3334245220845
"ENSG00000155115",13.368524350507
"ENSG00000155130",12.6093463398377
"ENSG00000155158",10.5465802531494
"ENSG00000155189",11.509030514833
"ENSG00000155229",13.4035777489949
"ENSG00000155252",11.9494490790965
"ENSG00000155254",11.4614321344606
"ENSG00000155256",12.1391259252896
"ENSG00000155265",7.31847418061853
"ENSG00000155275",10.6134352279056
"ENSG00000155287",12.5046342847956
"ENSG00000155304",13.0075662210563
"ENSG00000155307",10.9601914596369
"ENSG00000155313",13.8144772141784
"ENSG00000155324",13.2439462019688
"ENSG00000155329",12.1764551757461
"ENSG00000155330",11.0910636845155
"ENSG00000155363",12.3301155870539
"ENSG00000155366",13.9956065252676
"ENSG00000155367",9.99821490609178
"ENSG00000155368",15.4740420337649
"ENSG00000155380",15.5816129442983
"ENSG00000155393",11.9793284467451
"ENSG00000155428",6.02301829709235
"ENSG00000155438",12.2898048377873
"ENSG00000155463",14.7721258851934
"ENSG00000155465",10.9601914596369
"ENSG00000155506",14.8527410321784
"ENSG00000155508",13.1607081072446
"ENSG00000155511",7.42156767358263
"ENSG00000155530",4.88551477334242
"ENSG00000155542",10.9429650455263
"ENSG00000155545",12.362868299977
"ENSG00000155561",12.8315437628579
"ENSG00000155592",10.7779057992558
"ENSG00000155621",10.1104811383427
"ENSG00000155629",11.21104510491
"ENSG00000155636",11.0271110517262
"ENSG00000155640",9.59700967999251
"ENSG00000155657",20.6531871566355
"ENSG00000155659",14.7369515093041
"ENSG00000155660",13.1152949400757
"ENSG00000155666",9.00653017430379
"ENSG00000155719",6.02301829709235
"ENSG00000155729",11.4184550617153
"ENSG00000155744",12.1046832938046
"ENSG00000155749",9.3050536648562
"ENSG00000155754",8.3964766926198
"ENSG00000155755",12.2413063200961
"ENSG00000155760",11.9012085804476
"ENSG00000155792",10.6025056677474
"ENSG00000155827",13.370136300441
"ENSG00000155846",12.6417374861897
"ENSG00000155849",12.3234748616769
"ENSG00000155850",12.9633986377807
"ENSG00000155858",10.2430667779605
"ENSG00000155868",11.5551085245308
"ENSG00000155876",14.0080839655589
"ENSG00000155886",2.56358667845506
"ENSG00000155893",12.3531203234254
"ENSG00000155903",11.9407972088436
"ENSG00000155906",11.5206887200173
"ENSG00000155926",12.3757639839695
"ENSG00000155957",11.7899988712438
"ENSG00000155959",14.0101530875211
"ENSG00000155961",6.81151419189864
"ENSG00000155962",12.2829754993971
"ENSG00000155966",5.73351167989737
"ENSG00000155970",11.7608033715651
"ENSG00000155974",7.42156767358263
"ENSG00000155975",13.4682213001232
"ENSG00000155980",6.81151419189864
"ENSG00000155984",10.8350497063594
"ENSG00000156006",2.56358667845506
"ENSG00000156011",15.5774327311864
"ENSG00000156017",11.4854276155295
"ENSG00000156026",12.049415987157
"ENSG00000156030",12.4075077297441
"ENSG00000156042",10.7972063552148
"ENSG00000156049",8.90343668133968
"ENSG00000156050",9.99821490609178
"ENSG00000156052",13.171841500433
"ENSG00000156096",11.7899988712438
"ENSG00000156097",2.56358667845506
"ENSG00000156103",9.03932010942146
"ENSG00000156110",12.6093463398377
"ENSG00000156113",9.80199141778014
"ENSG00000156127",7.42156767358263
"ENSG00000156136",11.6215784012142
"ENSG00000156140",8.05543977478473
"ENSG00000156162",13.776083063649
"ENSG00000156170",11.7509387516556
"ENSG00000156171",13.1267829506718
"ENSG00000156172",10.2709458105359
"ENSG00000156206",5.37094160051266
"ENSG00000156218",12.3301155870539
"ENSG00000156219",14.8353414841015
"ENSG00000156222",6.81151419189864
"ENSG00000156232",11.0271110517262
"ENSG00000156239",12.5983856410323
"ENSG00000156253",11.6052458300923
"ENSG00000156256",13.7663227217052
"ENSG00000156261",14.8829765544553
"ENSG00000156265",8.49432401601794
"ENSG00000156273",12.4354919161142
"ENSG00000156298",12.362868299977
"ENSG00000156299",8.93862610980198
"ENSG00000156304",11.57760714877
"ENSG00000156313",12.7936071141607
"ENSG00000156345",9.74349576846999
"ENSG00000156374",10.898977033149
"ENSG00000156381",12.6256328161755
"ENSG00000156384",10.0147977902874
"ENSG00000156395",2.56358667845506
"ENSG00000156398",10.390135165746
"ENSG00000156411",15.2326931897914
"ENSG00000156414",10.4277728231093
"ENSG00000156427",9.78275519891722
"ENSG00000156453",13.1736887414547
"ENSG00000156463",14.9620631799043
"ENSG00000156466",6.95590410123382
"ENSG00000156467",16.7412397945296
"ENSG00000156469",12.3757639839695
"ENSG00000156471",14.880151063852
"ENSG00000156475",4.88551477334242
"ENSG00000156482",15.9157680753729
"ENSG00000156486",8.3964766926198
"ENSG00000156500",11.8650828734376
"ENSG00000156502",12.6497229034824
"ENSG00000156504",12.7472220599283
"ENSG00000156508",18.1037449949062
"ENSG00000156509",5.73351167989737
"ENSG00000156515",15.6251266369852
"ENSG00000156521",10.3383737380562
"ENSG00000156531",11.9835468563029
"ENSG00000156535",13.3555634993537
"ENSG00000156574",4.88551477334242
"ENSG00000156587",11.9407972088436
"ENSG00000156599",14.0458904607782
"ENSG00000156603",10.1856384979114
"ENSG00000156639",13.5141425755026
"ENSG00000156642",15.0486612421537
"ENSG00000156650",13.3058961145391
"ENSG00000156671",13.7978053566935
"ENSG00000156675",11.9189377748799
"ENSG00000156689",6.02301829709235
"ENSG00000156697",11.4854276155295
"ENSG00000156709",14.3188915667175
"ENSG00000156711",8.97297761459276
"ENSG00000156735",10.6242826101426
"ENSG00000156738",2.56358667845506
"ENSG00000156750",9.78275519891722
"ENSG00000156787",10.698012998676
"ENSG00000156795",12.8007966392101
"ENSG00000156802",12.9222378793479
"ENSG00000156804",13.4020027542524
"ENSG00000156831",11.7754749730011
"ENSG00000156853",10.1856384979114
"ENSG00000156858",11.0910636845155
"ENSG00000156860",11.9056613464542
"ENSG00000156869",9.61886911395625
"ENSG00000156873",11.2674902518997
"ENSG00000156875",13.0584422629463
"ENSG00000156876",9.13344228678601
"ENSG00000156885",14.1796759920372
"ENSG00000156928",12.4869141638742
"ENSG00000156931",13.7063319552066
"ENSG00000156958",12.3885454189836
"ENSG00000156966",8.86736742663216
"ENSG00000156968",10.7284936051307
"ENSG00000156970",6.81151419189864
"ENSG00000156973",11.725978007212
"ENSG00000156976",16.9583842838176
"ENSG00000156983",11.5031658927698
"ENSG00000156990",12.2829754993971
"ENSG00000157014",11.2395437113968
"ENSG00000157017",6.26402639659615
"ENSG00000157020",13.4004260382038
"ENSG00000157021",7.31847418061853
"ENSG00000157036",13.2191174016107
"ENSG00000157045",12.5016960046743
"ENSG00000157064",11.1523013140373
"ENSG00000157077",12.5163279256415
"ENSG00000157087",6.02301829709235
"ENSG00000157103",9.48244991572965
"ENSG00000157106",15.2202349902024
"ENSG00000157107",13.1792163154232
"ENSG00000157110",14.7431848093049
"ENSG00000157119",10.5002246174576
"ENSG00000157150",13.374961371965
"ENSG00000157152",10.4401036250201
"ENSG00000157168",5.73351167989737
"ENSG00000157181",12.5308129372911
"ENSG00000157184",12.982493409713
"ENSG00000157191",12.4012146116265
"ENSG00000157193",8.49432401601794
"ENSG00000157212",11.2812631015215
"ENSG00000157214",12.1983977286268
"ENSG00000157216",12.4043646020501
"ENSG00000157224",13.9703231611468
"ENSG00000157227",12.4354919161142
"ENSG00000157240",12.5621771082004
"ENSG00000157259",12.9222378793479
"ENSG00000157303",6.6510495197054
"ENSG00000157306",6.95590410123382
"ENSG00000157315",4.14854917917621
"ENSG00000157322",4.14854917917621
"ENSG00000157326",11.2038316146774
"ENSG00000157343",6.81151419189864
"ENSG00000157349",11.0189138987596
"ENSG00000157350",11.7608033715651
"ENSG00000157353",11.1523013140373
"ENSG00000157368",6.81151419189864
"ENSG00000157379",9.68252775117857
"ENSG00000157388",6.81151419189864
"ENSG00000157399",6.81151419189864
"ENSG00000157404",8.75341123733508
"ENSG00000157423",8.49432401601794
"ENSG00000157426",11.6589837012476
"ENSG00000157429",8.93862610980198
"ENSG00000157445",12.0614385154062
"ENSG00000157450",12.1353393219586
"ENSG00000157456",6.26402639659615
"ENSG00000157470",8.29150713301826
"ENSG00000157483",12.2271447826723
"ENSG00000157500",14.0266000919048
"ENSG00000157502",11.0352618928471
"ENSG00000157510",13.3988475970825
"ENSG00000157514",14.7092004539684
"ENSG00000157538",13.7577279173182
"ENSG00000157540",14.461054020177
"ENSG00000157551",6.02301829709235
"ENSG00000157554",13.2648931404137
"ENSG00000157557",14.3396083937079
"ENSG00000157570",14.3745598984572
"ENSG00000157578",7.51778298884193
"ENSG00000157593",12.5336925690672
"ENSG00000157600",14.058942070691
"ENSG00000157601",11.5206887200173
"ENSG00000157613",11.4674685241912
"ENSG00000157617",12.2726704910054
"ENSG00000157625",12.9676638146963
"ENSG00000157637",12.7221963666695
"ENSG00000157653",7.08714863451207
"ENSG00000157657",10.402790466552
"ENSG00000157680",9.61886911395625
"ENSG00000157693",10.5235886105231
"ENSG00000157734",9.74349576846999
"ENSG00000157741",12.7146032173473
"ENSG00000157764",12.9526802003595
"ENSG00000157766",8.97297761459276
"ENSG00000157778",10.5119539100397
"ENSG00000157782",10.8350497063594
"ENSG00000157796",12.4869141638742
"ENSG00000157800",12.223582570885
"ENSG00000157823",12.0209675575276
"ENSG00000157827",12.8956232268167
"ENSG00000157833",9.5061011837943
"ENSG00000157837",12.6229311392795
"ENSG00000157856",4.14854917917621
"ENSG00000157869",12.9591208139174
"ENSG00000157870",10.6457357198089
"ENSG00000157873",11.3284582691911
"ENSG00000157881",11.7851737997199
"ENSG00000157895",11.1220073917237
"ENSG00000157911",10.898977033149
"ENSG00000157916",13.6154753343604
"ENSG00000157927",8.1181755301327
"ENSG00000157933",12.7863815813232
"ENSG00000157954",13.1847227917297
"ENSG00000157978",11.1523013140373
"ENSG00000157985",12.1315427538705
"ENSG00000157992",6.26402639659615
"ENSG00000157999",4.14854917917621
"ENSG00000158006",11.6052458300923
"ENSG00000158008",8.4462297278169
"ENSG00000158014",10.0792865167391
"ENSG00000158019",12.9222378793479
"ENSG00000158022",15.4237037053948
"ENSG00000158023",8.23601202042655
"ENSG00000158042",12.8888921335447
"ENSG00000158050",10.2289225956402
"ENSG00000158055",5.37094160051266
"ENSG00000158062",11.1672130234412
"ENSG00000158079",12.7196697547437
"ENSG00000158089",5.37094160051266
"ENSG00000158092",12.1085511112443
"ENSG00000158104",6.81151419189864
"ENSG00000158106",7.08714863451207
"ENSG00000158109",13.4965395706498
"ENSG00000158113",4.14854917917621
"ENSG00000158122",12.3301155870539
"ENSG00000158156",9.83971108372929
"ENSG00000158158",13.4377996132859
"ENSG00000158161",12.2128428559724
"ENSG00000158163",10.6877079902842
"ENSG00000158164",5.73351167989737
"ENSG00000158169",10.0949681389714
"ENSG00000158186",15.1931709786489
"ENSG00000158195",14.2087947612297
"ENSG00000158201",11.8091393847107
"ENSG00000158220",10.2289225956402
"ENSG00000158234",10.1560437157231
"ENSG00000158246",11.1597764345995
"ENSG00000158258",11.9277213334631
"ENSG00000158270",12.2342429275735
"ENSG00000158286",14.0876385971729
"ENSG00000158290",13.1152949400757
"ENSG00000158292",9.91231483268614
"ENSG00000158296",7.31847418061853
"ENSG00000158301",12.3531203234254
"ENSG00000158315",6.26402639659615
"ENSG00000158321",11.1296407166261
"ENSG00000158352",13.6249578711149
"ENSG00000158373",10.4883991820608
"ENSG00000158406",8.97297761459276
"ENSG00000158411",11.1597764345995
"ENSG00000158417",15.4770371199132
"ENSG00000158423",7.77304004408401
"ENSG00000158427",7.51778298884193
"ENSG00000158435",13.1681399075341
"ENSG00000158445",12.2377789466007
"ENSG00000158457",10.0949681389714
"ENSG00000158458",10.1258291026761
"ENSG00000158467",11.9012085804476
"ENSG00000158470",13.9380828241466
"ENSG00000158473",10.3251379108995
"ENSG00000158480",10.7972063552148
"ENSG00000158481",6.6510495197054
"ENSG00000158483",8.86736742663216
"ENSG00000158486",4.88551477334242
"ENSG00000158488",5.73351167989737
"ENSG00000158517",7.08714863451207
"ENSG00000158526",12.9548302678825
"ENSG00000158528",13.0604404558431
"ENSG00000158545",11.892261605783
"ENSG00000158552",11.4246735844505
"ENSG00000158555",9.92990889270087
"ENSG00000158560",13.1248746236199
"ENSG00000158571",7.20744286822978
"ENSG00000158604",14.0579422819879
"ENSG00000158615",13.2527110833683
"ENSG00000158623",11.288100531575
"ENSG00000158636",12.459919082365
"ENSG00000158669",13.4921050537129
"ENSG00000158683",8.97297761459276
"ENSG00000158691",10.7284936051307
"ENSG00000158710",15.2485544035989
"ENSG00000158711",13.2527110833683
"ENSG00000158714",10.4401036250201
"ENSG00000158715",8.4462297278169
"ENSG00000158716",10.2430667779605
"ENSG00000158717",10.8256815238252
"ENSG00000158747",10.3251379108995
"ENSG00000158769",12.1874681684685
"ENSG00000158773",12.4958014304234
"ENSG00000158792",8.93862610980198
"ENSG00000158793",12.0930172326012
"ENSG00000158796",12.2092451108638
"ENSG00000158805",11.9364517385676
"ENSG00000158806",8.23601202042655
"ENSG00000158813",11.0106699046647
"ENSG00000158815",5.37094160051266
"ENSG00000158825",8.83037321914996
"ENSG00000158828",15.0888627763222
"ENSG00000158850",12.5508506905276
"ENSG00000158856",13.1476096187126
"ENSG00000158859",14.5779559206902
"ENSG00000158863",12.146669445958
"ENSG00000158864",15.8603595261609
"ENSG00000158869",12.7297497611012
"ENSG00000158882",13.3588146444837
"ENSG00000158887",9.35800254480516
"ENSG00000158941",13.3652950373715
"ENSG00000158955",7.08714863451207
"ENSG00000158966",10.8256815238252
"ENSG00000158985",12.5983856410323
"ENSG00000158987",10.7681578227043
"ENSG00000159023",12.824506212118
"ENSG00000159055",9.10274548956309
"ENSG00000159063",11.8650828734376
"ENSG00000159069",13.3620584795567
"ENSG00000159079",9.98143919334096
"ENSG00000159082",12.3067380725676
"ENSG00000159086",12.8843872273367
"ENSG00000159110",11.5322534716503
"ENSG00000159111",13.287247622865
"ENSG00000159128",13.2029273871073
"ENSG00000159131",13.2298106812582
"ENSG00000159140",15.9613949871079
"ENSG00000159147",10.1410155064908
"ENSG00000159164",9.43395139803846
"ENSG00000159166",10.0949681389714
"ENSG00000159167",12.8007966392101
"ENSG00000159173",10.4883991820608
"ENSG00000159176",15.0421035261315
"ENSG00000159189",13.6883542142775
"ENSG00000159197",2.56358667845506
"ENSG00000159199",14.9572452699098
"ENSG00000159200",15.449854831328
"ENSG00000159202",13.7614176764673
"ENSG00000159208",9.38376564087025
"ENSG00000159210",13.1828896338707
"ENSG00000159212",11.14478726038
"ENSG00000159214",7.69286969540002
"ENSG00000159216",10.4153357198711
"ENSG00000159228",11.9407972088436
"ENSG00000159231",8.62967586891283
"ENSG00000159239",6.02301829709235
"ENSG00000159251",19.7379565011729
"ENSG00000159256",12.9067723939029
"ENSG00000159259",8.05543977478473
"ENSG00000159267",11.5997602910085
"ENSG00000159307",6.81151419189864
"ENSG00000159314",12.4568882093156
"ENSG00000159322",12.6417374861897
"ENSG00000159335",13.9585851929567
"ENSG00000159339",4.88551477334242
"ENSG00000159346",14.5504953031528
"ENSG00000159348",14.9811755188376
"ENSG00000159352",14.298719562595
"ENSG00000159363",10.5351302324058
"ENSG00000159374",6.47047727406358
"ENSG00000159377",14.6225930736562
"ENSG00000159387",12.4538509554762
"ENSG00000159388",16.0593168129004
"ENSG00000159399",12.2761136788949
"ENSG00000159403",15.3191002144929
"ENSG00000159423",12.2518369875882
"ENSG00000159433",13.1773761429276
"ENSG00000159445",12.5762112173201
"ENSG00000159450",6.02301829709235
"ENSG00000159459",14.0204544168354
"ENSG00000159461",13.3555634993537
"ENSG00000159479",12.2092451108638
"ENSG00000159496",4.88551477334242
"ENSG00000159579",12.0168573124657
"ENSG00000159588",6.6510495197054
"ENSG00000159592",14.2302545191454
"ENSG00000159593",12.935363322793
"ENSG00000159596",12.2020225924455
"ENSG00000159640",8.17829652257027
"ENSG00000159648",6.26402639659615
"ENSG00000159658",14.7149203977467
"ENSG00000159674",10.390135165746
"ENSG00000159685",10.3644865783754
"ENSG00000159692",12.8978599637622
"ENSG00000159708",4.88551477334242
"ENSG00000159713",10.8719257085945
"ENSG00000159714",9.03932010942146
"ENSG00000159720",13.4192338444823
"ENSG00000159733",10.1560437157231
"ENSG00000159753",6.81151419189864
"ENSG00000159761",8.49432401601794
"ENSG00000159784",8.3964766926198
"ENSG00000159788",11.3741583131962
"ENSG00000159792",12.2200115417328
"ENSG00000159840",14.0489128676956
"ENSG00000159842",14.3494477842147
"ENSG00000159871",8.3964766926198
"ENSG00000159873",11.7558794929258
"ENSG00000159882",9.87646963373941
"ENSG00000159884",12.683824555797
"ENSG00000159885",9.59700967999251
"ENSG00000159899",11.9961285788433
"ENSG00000159905",8.79240536895094
"ENSG00000159915",10.402790466552
"ENSG00000159917",10.7385123609557
"ENSG00000159921",12.5480051372562
"ENSG00000160007",14.319725976828
"ENSG00000160013",10.1410155064908
"ENSG00000160014",15.0785472417852
"ENSG00000160049",13.0524310249124
"ENSG00000160050",10.6242826101426
"ENSG00000160051",8.1181755301327
"ENSG00000160055",10.6668744868671
"ENSG00000160058",13.6072975418022
"ENSG00000160062",10.6457357198089
"ENSG00000160072",11.1143334638383
"ENSG00000160075",13.8564834338642
"ENSG00000160087",11.8186152482738
"ENSG00000160094",10.6668744868671
"ENSG00000160097",13.2083442709713
"ENSG00000160111",12.8338820049271
"ENSG00000160113",11.3482215240126
"ENSG00000160117",6.02301829709235
"ENSG00000160124",11.514871393422
"ENSG00000160131",12.4779718106105
"ENSG00000160145",13.8144772141784
"ENSG00000160161",4.88551477334242
"ENSG00000160172",7.60798079781351
"ENSG00000160179",11.1597764345995
"ENSG00000160180",8.90343668133968
"ENSG00000160185",4.14854917917621
"ENSG00000160188",5.37094160051266
"ENSG00000160190",10.0147977902874
"ENSG00000160191",10.2570736359544
"ENSG00000160193",9.83971108372929
"ENSG00000160194",14.0519289559876
"ENSG00000160199",12.0851871181788
"ENSG00000160200",11.9320931399627
"ENSG00000160201",14.0609395719321
"ENSG00000160207",4.88551477334242
"ENSG00000160208",11.9580493730654
"ENSG00000160209",13.6556830934458
"ENSG00000160211",10.9255304521903
"ENSG00000160213",13.7797262348802
"ENSG00000160214",10.5465802531494
"ENSG00000160216",13.7441174857995
"ENSG00000160218",13.0403328823945
"ENSG00000160219",13.5824822995767
"ENSG00000160221",14.8914199752054
"ENSG00000160223",11.3805703017104
"ENSG00000160224",5.37094160051266
"ENSG00000160226",10.1560437157231
"ENSG00000160229",7.42156767358263
"ENSG00000160233",8.4462297278169
"ENSG00000160255",12.0812560665889
"ENSG00000160256",10.390135165746
"ENSG00000160271",12.7397598275625
"ENSG00000160282",7.20744286822978
"ENSG00000160284",8.83037321914996
"ENSG00000160285",13.6490591376363
"ENSG00000160293",10.5692112276489
"ENSG00000160294",13.5824822995767
"ENSG00000160298",7.60798079781351
"ENSG00000160299",13.9293623137813
"ENSG00000160305",13.2404252849292
"ENSG00000160307",9.96446611473724
"ENSG00000160310",13.4454653860555
"ENSG00000160318",6.47047727406358
"ENSG00000160321",11.4972773334073
"ENSG00000160323",9.94729097092911
"ENSG00000160325",11.0514267122781
"ENSG00000160326",8.90343668133968
"ENSG00000160336",11.0514267122781
"ENSG00000160339",5.73351167989737
"ENSG00000160345",6.47047727406358
"ENSG00000160352",10.402790466552
"ENSG00000160360",12.0291530832645
"ENSG00000160392",12.3201430009791
"ENSG00000160404",9.07138131865375
"ENSG00000160408",13.4161161878593
"ENSG00000160410",11.594253814702
"ENSG00000160439",12.4262240360139
"ENSG00000160445",13.2614230364174
"ENSG00000160446",9.25008720563828
"ENSG00000160447",11.7158715207616
"ENSG00000160460",9.96446611473724
"ENSG00000160469",9.64040227550589
"ENSG00000160539",12.7960076056311
"ENSG00000160551",14.6665465643652
"ENSG00000160563",10.9516039638002
"ENSG00000160570",11.1066184987103
"ENSG00000160584",13.408292442867
"ENSG00000160588",10.3117795280445
"ENSG00000160593",10.0792865167391
"ENSG00000160602",7.92113868307314
"ENSG00000160606",6.02301829709235
"ENSG00000160613",13.7954078571125
"ENSG00000160633",12.4749786662985
"ENSG00000160654",6.47047727406358
"ENSG00000160678",16.5144159253706
"ENSG00000160679",14.6467335492718
"ENSG00000160685",12.2092451108638
"ENSG00000160688",12.0891074875501
"ENSG00000160691",13.735388967138
"ENSG00000160695",12.6229311392795
"ENSG00000160703",11.9189377748799
"ENSG00000160710",14.6893230078501
"ENSG00000160712",11.9277213334631
"ENSG00000160714",13.4347218626981
"ENSG00000160741",12.0291530832645
"ENSG00000160746",11.8559083112571
"ENSG00000160752",13.6727643818103
"ENSG00000160753",11.5264826837923
"ENSG00000160766",8.17829652257027
"ENSG00000160767",11.0189138987596
"ENSG00000160781",8.49432401601794
"ENSG00000160783",11.7459810318596
"ENSG00000160785",12.6890001489384
"ENSG00000160789",14.4358767887431
"ENSG00000160791",8.4462297278169
"ENSG00000160796",13.2065409019354
"ENSG00000160799",12.1239195126675
"ENSG00000160801",11.0433669424842
"ENSG00000160803",12.5593538293329
"ENSG00000160808",18.3805453102412
"ENSG00000160813",10.0792865167391
"ENSG00000160818",12.1838065039625
"ENSG00000160828",10.4401036250201
"ENSG00000160838",6.26402639659615
"ENSG00000160856",5.37094160051266
"ENSG00000160862",14.4266113886919
"ENSG00000160867",6.26402639659615
"ENSG00000160877",11.9320931399627
"ENSG00000160883",10.3383737380562
"ENSG00000160886",7.51778298884193
"ENSG00000160888",12.7120632606333
"ENSG00000160908",11.5607661593927
"ENSG00000160917",11.6323649564405
"ENSG00000160932",12.0851871181788
"ENSG00000160948",13.1381802057927
"ENSG00000160949",7.69286969540002
"ENSG00000160953",12.1764551757461
"ENSG00000160957",6.95590410123382
"ENSG00000160959",11.1597764345995
"ENSG00000160961",11.9580493730654
"ENSG00000160972",10.8627946968423
"ENSG00000160991",10.7972063552148
"ENSG00000160993",9.78275519891722
"ENSG00000160999",6.47047727406358
"ENSG00000161010",11.4184550617153
"ENSG00000161011",15.9512001680124
"ENSG00000161013",13.6222549287956
"ENSG00000161016",16.5160549378377
"ENSG00000161021",12.3789699742686
"ENSG00000161036",9.458404441763
"ENSG00000161040",6.95590410123382
"ENSG00000161048",10.9516039638002
"ENSG00000161057",14.1915764627708
"ENSG00000161091",11.1523013140373
"ENSG00000161149",4.88551477334242
"ENSG00000161179",8.79240536895094
"ENSG00000161180",6.26402639659615
"ENSG00000161202",13.8250939876571
"ENSG00000161203",15.5435476936779
"ENSG00000161204",13.4950629123419
"ENSG00000161217",14.9764211185743
"ENSG00000161243",10.5002246174576
"ENSG00000161249",11.8373822776693
"ENSG00000161265",9.40907672939943
"ENSG00000161267",13.1902083308134
"ENSG00000161277",8.97297761459276
"ENSG00000161281",15.8848101603658
"ENSG00000161298",10.898977033149
"ENSG00000161326",11.3933094135411
"ENSG00000161328",4.88551477334242
"ENSG00000161381",12.0209675575276
"ENSG00000161395",11.6107105905691
"ENSG00000161509",7.98985143315716
"ENSG00000161513",8.75341123733508
"ENSG00000161526",12.9505269237794
"ENSG00000161533",14.0856777473421
"ENSG00000161542",12.4869141638742
"ENSG00000161544",12.6760261852366
"ENSG00000161547",14.671130710431
"ENSG00000161551",12.0773142744075
"ENSG00000161558",11.9961285788433
"ENSG00000161570",8.29150713301826
"ENSG00000161573",4.88551477334242
"ENSG00000161594",4.88551477334242
"ENSG00000161618",9.43395139803846
"ENSG00000161638",14.5137780284278
"ENSG00000161640",6.02301829709235
"ENSG00000161642",10.5119539100397
"ENSG00000161643",5.73351167989737
"ENSG00000161647",14.2816913915768
"ENSG00000161649",13.028132428789
"ENSG00000161653",6.02301829709235
"ENSG00000161654",9.99821490609178
"ENSG00000161664",9.38376564087025
"ENSG00000161671",13.2047352758663
"ENSG00000161677",9.52937096311715
"ENSG00000161681",5.73351167989737
"ENSG00000161682",6.26402639659615
"ENSG00000161692",9.91231483268614
"ENSG00000161714",13.2786906876912
"ENSG00000161791",12.4168962338587
"ENSG00000161798",4.88551477334242
"ENSG00000161800",10.0949681389714
"ENSG00000161813",13.7441174857995
"ENSG00000161835",13.1681399075341
"ENSG00000161847",8.79240536895094
"ENSG00000161860",4.14854917917621
"ENSG00000161888",8.29150713301826
"ENSG00000161896",12.935363322793
"ENSG00000161904",12.4385680261088
"ENSG00000161905",7.42156767358263
"ENSG00000161911",6.6510495197054
"ENSG00000161912",11.4854276155295
"ENSG00000161914",7.92113868307314
"ENSG00000161920",11.1143334638383
"ENSG00000161921",10.7484620213633
"ENSG00000161929",8.62967586891283
"ENSG00000161940",12.2377789466007
"ENSG00000161944",6.47047727406358
"ENSG00000161955",8.54086660195497
"ENSG00000161956",10.6242826101426
"ENSG00000161958",7.08714863451207
"ENSG00000161960",10.5235886105231
"ENSG00000161970",13.2173274571616
"ENSG00000161980",11.1220073917237
"ENSG00000161981",13.2957541041184
"ENSG00000161996",9.98143919334096
"ENSG00000161999",12.5845666173593
"ENSG00000162004",6.81151419189864
"ENSG00000162009",8.29150713301826
"ENSG00000162032",11.9877529672732
"ENSG00000162062",4.88551477334242
"ENSG00000162063",7.77304004408401
"ENSG00000162065",9.94729097092911
"ENSG00000162066",9.70313803085385
"ENSG00000162073",10.5465802531494
"ENSG00000162076",10.2982962986809
"ENSG00000162086",12.3301155870539
"ENSG00000162104",13.3571899877345
"ENSG00000162105",2.56358667845506
"ENSG00000162129",11.2038316146774
"ENSG00000162139",11.7107916033973
"ENSG00000162144",11.725978007212
"ENSG00000162148",7.92113868307314
"ENSG00000162174",10.6563438193749
"ENSG00000162188",2.56358667845506
"ENSG00000162191",13.1400710252519
"ENSG00000162194",11.0433669424842
"ENSG00000162222",10.0949681389714
"ENSG00000162227",10.5351302324058
"ENSG00000162231",13.9304552646222
"ENSG00000162236",11.7158715207616
"ENSG00000162241",10.2289225956402
"ENSG00000162244",15.3891417793259
"ENSG00000162267",7.98985143315716
"ENSG00000162290",12.7447389353206
"ENSG00000162298",12.3948939222571
"ENSG00000162300",10.6668744868671
"ENSG00000162302",11.2324716627213
"ENSG00000162337",12.4568882093156
"ENSG00000162341",11.6902911512982
"ENSG00000162367",11.3547495670101
"ENSG00000162368",14.4047578677036
"ENSG00000162373",9.13344228678601
"ENSG00000162377",11.4184550617153
"ENSG00000162378",14.3096810621605
"ENSG00000162383",5.37094160051266
"ENSG00000162384",12.9244337626347
"ENSG00000162385",11.9364517385676
"ENSG00000162390",13.5866479281904
"ENSG00000162391",6.26402639659615
"ENSG00000162396",8.86736742663216
"ENSG00000162402",14.2284783477411
"ENSG00000162407",15.3476080028292
"ENSG00000162408",12.0891074875501
"ENSG00000162409",15.6061010645953
"ENSG00000162413",13.228033963003
"ENSG00000162415",9.52937096311715
"ENSG00000162419",11.14478726038
"ENSG00000162426",8.62967586891283
"ENSG00000162430",13.5228641841756
"ENSG00000162433",14.587687458708
"ENSG00000162434",15.3899365431751
"ENSG00000162437",12.8685083480367
"ENSG00000162441",12.5845666173593
"ENSG00000162444",12.0168573124657
"ENSG00000162458",13.7809385837254
"ENSG00000162461",11.1066184987103
"ENSG00000162482",5.37094160051266
"ENSG00000162490",4.14854917917621
"ENSG00000162493",11.9145258600015
"ENSG00000162494",8.05543977478473
"ENSG00000162496",12.2863942096246
"ENSG00000162511",13.872494482519
"ENSG00000162512",13.3325979995521
"ENSG00000162517",13.5838721792997
"ENSG00000162520",11.4370307909704
"ENSG00000162521",14.0837142287799
"ENSG00000162522",10.9342740852623
"ENSG00000162526",7.20744286822978
"ENSG00000162542",10.7972063552148
"ENSG00000162543",9.10274548956309
"ENSG00000162545",12.0002982205923
"ENSG00000162551",11.3805703017104
"ENSG00000162571",5.73351167989737
"ENSG00000162572",9.35800254480516
"ENSG00000162576",11.0753393322224
"ENSG00000162585",10.7484620213633
"ENSG00000162591",9.57481393387831
"ENSG00000162595",9.13344228678601
"ENSG00000162599",13.3058961145391
"ENSG00000162600",12.1504264664169
"ENSG00000162601",13.8950635003147
"ENSG00000162604",13.2011172299804
"ENSG00000162607",12.4137735161008
"ENSG00000162613",14.0679091267469
"ENSG00000162614",17.5775635463509
"ENSG00000162616",14.7142859671996
"ENSG00000162618",13.8085450716062
"ENSG00000162620",6.26402639659615
"ENSG00000162623",12.822152712345
"ENSG00000162627",12.7221963666695
"ENSG00000162630",12.2795486687102
"ENSG00000162631",4.88551477334242
"ENSG00000162636",11.6483950662594
"ENSG00000162639",7.98985143315716
"ENSG00000162642",11.9919468511593
"ENSG00000162643",6.47047727406358
"ENSG00000162645",12.5104929529115
"ENSG00000162650",9.48244991572965
"ENSG00000162654",11.8186152482738
"ENSG00000162664",12.9178360604003
"ENSG00000162669",9.3050536648562
"ENSG00000162670",6.02301829709235
"ENSG00000162676",5.37094160051266
"ENSG00000162687",8.93862610980198
"ENSG00000162688",14.1741501823801
"ENSG00000162692",11.8233299421458
"ENSG00000162694",12.0654238633574
"ENSG00000162695",11.3482215240126
"ENSG00000162702",11.4734797622251
"ENSG00000162704",13.8815645008622
"ENSG00000162706",11.3151307375442
"ENSG00000162711",9.78275519891722
"ENSG00000162714",12.4137735161008
"ENSG00000162729",11.2743931121544
"ENSG00000162733",13.8815645008622
"ENSG00000162734",16.2012304313646
"ENSG00000162735",13.9798564229783
"ENSG00000162736",14.1778364061445
"ENSG00000162738",10.3117795280445
"ENSG00000162739",7.92113868307314
"ENSG00000162745",10.3514892378465
"ENSG00000162746",7.08714863451207
"ENSG00000162747",5.37094160051266
"ENSG00000162753",6.26402639659615
"ENSG00000162755",9.00653017430379
"ENSG00000162757",8.49432401601794
"ENSG00000162761",4.14854917917621
"ENSG00000162763",4.14854917917621
"ENSG00000162769",10.7484620213633
"ENSG00000162772",14.7598814234833
"ENSG00000162775",10.476476014685
"ENSG00000162777",8.75341123733508
"ENSG00000162783",13.0443768795509
"ENSG00000162804",11.7608033715651
"ENSG00000162813",12.3693305506067
"ENSG00000162814",8.05543977478473
"ENSG00000162817",13.1305920487021
"ENSG00000162819",12.5451539603581
"ENSG00000162836",11.6747223486898
"ENSG00000162849",7.98985143315716
"ENSG00000162851",11.1746114757624
"ENSG00000162852",12.652374917172
"ENSG00000162869",12.1653574668628
"ENSG00000162873",4.88551477334242
"ENSG00000162877",8.90343668133968
"ENSG00000162878",12.6470660057869
"ENSG00000162881",6.02301829709235
"ENSG00000162882",8.71333379795974
"ENSG00000162885",11.8605028853343
"ENSG00000162889",15.5760366308806
"ENSG00000162894",8.67211113523323
"ENSG00000162909",15.1886105353355
"ENSG00000162910",10.9856514446279
"ENSG00000162913",6.02301829709235
"ENSG00000162923",14.6387315225214
"ENSG00000162924",10.7681578227043
"ENSG00000162927",10.1410155064908
"ENSG00000162928",12.6202243935683
"ENSG00000162929",11.6215784012142
"ENSG00000162931",5.73351167989737
"ENSG00000162944",10.3514892378465
"ENSG00000162946",10.1258291026761
"ENSG00000162951",5.73351167989737
"ENSG00000162959",9.64040227550589
"ENSG00000162961",12.1616391786167
"ENSG00000162971",11.2674902518997
"ENSG00000162972",11.3350761479557
"ENSG00000162976",11.6902911512982
"ENSG00000162980",14.1099988735744
"ENSG00000162981",7.08714863451207
"ENSG00000162989",4.88551477334242
"ENSG00000162994",9.74349576846999
"ENSG00000162997",9.85820742734668
"ENSG00000162998",10.2289225956402
"ENSG00000162999",10.9601914596369
"ENSG00000163001",12.7839650061503
"ENSG00000163002",11.0271110517262
"ENSG00000163006",7.60798079781351
"ENSG00000163013",8.83037321914996
"ENSG00000163016",5.37094160051266
"ENSG00000163017",11.725978007212
"ENSG00000163026",10.5002246174576
"ENSG00000163029",12.7791196782007
"ENSG00000163032",10.1856384979114
"ENSG00000163040",7.42156767358263
"ENSG00000163041",12.492845087092
"ENSG00000163050",14.8004977898997
"ENSG00000163053",10.1560437157231
"ENSG00000163067",8.83037321914996
"ENSG00000163069",14.9838100978037
"ENSG00000163071",8.49432401601794
"ENSG00000163072",12.5901101209748
"ENSG00000163075",6.47047727406358
"ENSG00000163082",11.7005777905353
"ENSG00000163083",9.89450355656967
"ENSG00000163092",17.9513684299924
"ENSG00000163093",10.1104811383427
"ENSG00000163104",12.492845087092
"ENSG00000163106",8.86736742663216
"ENSG00000163110",17.9954433447762
"ENSG00000163113",12.7984041095724
"ENSG00000163116",5.37094160051266
"ENSG00000163125",12.8150690890753
"ENSG00000163126",8.17829652257027
"ENSG00000163131",13.2226906419287
"ENSG00000163132",9.43395139803846
"ENSG00000163138",10.9429650455263
"ENSG00000163141",7.20744286822978
"ENSG00000163145",8.86736742663216
"ENSG00000163154",8.23601202042655
"ENSG00000163155",11.3482215240126
"ENSG00000163156",10.8256815238252
"ENSG00000163159",12.0930172326012
"ENSG00000163161",13.1172159723714
"ENSG00000163162",13.0524310249124
"ENSG00000163166",13.4051510261856
"ENSG00000163170",12.0930172326012
"ENSG00000163171",14.8129964637242
"ENSG00000163191",13.8013941521782
"ENSG00000163214",12.0812560665889
"ENSG00000163219",10.3514892378465
"ENSG00000163220",13.6870614766992
"ENSG00000163221",8.17829652257027
"ENSG00000163235",8.4462297278169
"ENSG00000163239",10.4883991820608
"ENSG00000163249",11.9961285788433
"ENSG00000163251",10.3383737380562
"ENSG00000163257",12.492845087092
"ENSG00000163263",4.14854917917621
"ENSG00000163273",7.98985143315716
"ENSG00000163281",12.0413449448989
"ENSG00000163288",9.19294329853467
"ENSG00000163291",12.4200122070806
"ENSG00000163293",7.77304004408401
"ENSG00000163297",13.3506730030067
"ENSG00000163312",11.804378010617
"ENSG00000163319",12.683824555797
"ENSG00000163320",14.3761651225904
"ENSG00000163322",11.6430714622819
"ENSG00000163328",12.8570583272932
"ENSG00000163344",12.6229311392795
"ENSG00000163346",13.7893966190786
"ENSG00000163347",6.95590410123382
"ENSG00000163348",11.5437262560942
"ENSG00000163349",13.855332959289
"ENSG00000163354",6.26402639659615
"ENSG00000163359",15.4264177253531
"ENSG00000163364",6.26402639659615
"ENSG00000163374",13.0783007325935
"ENSG00000163376",10.898977033149
"ENSG00000163378",12.8888921335447
"ENSG00000163380",15.2801918197904
"ENSG00000163382",13.7050552338481
"ENSG00000163386",11.1372338659484
"ENSG00000163389",12.0614385154062
"ENSG00000163393",11.8832587994021
"ENSG00000163395",4.14854917917621
"ENSG00000163399",16.5981277482789
"ENSG00000163406",9.19294329853467
"ENSG00000163412",13.8622220851893
"ENSG00000163421",5.73351167989737
"ENSG00000163428",13.2769731933921
"ENSG00000163430",16.3370350009937
"ENSG00000163431",13.1037147170372
"ENSG00000163435",6.26402639659615
"ENSG00000163444",12.3563769727561
"ENSG00000163449",6.02301829709235
"ENSG00000163453",16.1340353782808
"ENSG00000163462",5.37094160051266
"ENSG00000163463",9.16349952064219
"ENSG00000163464",6.47047727406358
"ENSG00000163466",15.0908193049026
"ENSG00000163467",4.88551477334242
"ENSG00000163468",15.0641796243489
"ENSG00000163472",7.60798079781351
"ENSG00000163479",14.0983758899353
"ENSG00000163481",11.218222706983
"ENSG00000163482",11.3218098931818
"ENSG00000163485",10.1104811383427
"ENSG00000163486",12.1315427538705
"ENSG00000163491",10.6242826101426
"ENSG00000163492",14.3624634465884
"ENSG00000163507",9.00653017430379
"ENSG00000163508",4.88551477334242
"ENSG00000163510",12.194763734159
"ENSG00000163512",13.3571899877345
"ENSG00000163513",15.9463457825115
"ENSG00000163516",12.5480051372562
"ENSG00000163517",12.6120735524474
"ENSG00000163519",4.14854917917621
"ENSG00000163520",13.5199628357047
"ENSG00000163521",8.97297761459276
"ENSG00000163527",15.2081189730805
"ENSG00000163528",12.1085511112443
"ENSG00000163531",13.5741147843415
"ENSG00000163535",8.49432401601794
"ENSG00000163536",11.6642490174603
"ENSG00000163539",14.2461424195354
"ENSG00000163541",15.4811452369654
"ENSG00000163545",6.6510495197054
"ENSG00000163554",4.88551477334242
"ENSG00000163558",12.7644852834935
"ENSG00000163563",9.98143919334096
"ENSG00000163564",5.73351167989737
"ENSG00000163565",13.5935640250446
"ENSG00000163568",4.88551477334242
"ENSG00000163576",4.88551477334242
"ENSG00000163577",11.4431699280678
"ENSG00000163584",11.9708544426998
"ENSG00000163590",13.5257597095648
"ENSG00000163596",11.4614321344606
"ENSG00000163597",13.7088820133887
"ENSG00000163599",6.81151419189864
"ENSG00000163600",5.37094160051266
"ENSG00000163602",12.8933830166758
"ENSG00000163605",13.4331805216958
"ENSG00000163606",8.67211113523323
"ENSG00000163607",12.1046832938046
"ENSG00000163608",12.850144440063
"ENSG00000163611",11.3677176996384
"ENSG00000163617",9.78275519891722
"ENSG00000163618",12.1124085869138
"ENSG00000163624",8.49432401601794
"ENSG00000163625",13.8472538459466
"ENSG00000163626",11.4492830517945
"ENSG00000163629",11.6377281412076
"ENSG00000163630",4.14854917917621
"ENSG00000163631",4.14854917917621
"ENSG00000163633",11.509030514833
"ENSG00000163634",13.3292871661062
"ENSG00000163635",12.6681854320194
"ENSG00000163636",13.6857675797148
"ENSG00000163637",11.6954436390638
"ENSG00000163638",14.728807746676
"ENSG00000163644",16.7108711148218
"ENSG00000163655",12.6629344888583
"ENSG00000163659",13.5300921303608
"ENSG00000163660",14.4211789641526
"ENSG00000163661",11.8420361366755
"ENSG00000163666",6.02301829709235
"ENSG00000163673",7.20744286822978
"ENSG00000163681",16.7802567628621
"ENSG00000163682",16.3019956542689
"ENSG00000163683",12.5336925690672
"ENSG00000163684",13.0117029838645
"ENSG00000163686",10.9856514446279
"ENSG00000163687",7.98985143315716
"ENSG00000163689",6.26402639659615
"ENSG00000163694",10.3251379108995
"ENSG00000163697",13.5243126732941
"ENSG00000163701",7.60798079781351
"ENSG00000163702",12.2020225924455
"ENSG00000163703",13.4238977333745
"ENSG00000163704",7.77304004408401
"ENSG00000163710",13.6072975418022
"ENSG00000163714",14.461054020177
"ENSG00000163719",13.7366391362292
"ENSG00000163728",13.6072975418022
"ENSG00000163734",8.05543977478473
"ENSG00000163735",6.47047727406358
"ENSG00000163736",7.92113868307314
"ENSG00000163738",12.2200115417328
"ENSG00000163739",9.10274548956309
"ENSG00000163743",13.1248746236199
"ENSG00000163749",6.6510495197054
"ENSG00000163751",8.58595449148351
"ENSG00000163754",14.5145070304852
"ENSG00000163755",11.7899988712438
"ENSG00000163762",11.7657105022855
"ENSG00000163781",12.5394346464618
"ENSG00000163785",13.3797703598874
"ENSG00000163788",14.1215289652425
"ENSG00000163793",9.35800254480516
"ENSG00000163794",6.02301829709235
"ENSG00000163795",10.4523299273533
"ENSG00000163798",12.8103272769482
"ENSG00000163803",9.78275519891722
"ENSG00000163806",6.26402639659615
"ENSG00000163807",13.1551090250258
"ENSG00000163808",7.69286969540002
"ENSG00000163811",12.4106440245464
"ENSG00000163812",13.8860782160525
"ENSG00000163814",9.13344228678601
"ENSG00000163815",12.1277361684408
"ENSG00000163818",11.3677176996384
"ENSG00000163820",14.8370909124172
"ENSG00000163823",11.6902911512982
"ENSG00000163827",15.4018057589574
"ENSG00000163832",12.0002982205923
"ENSG00000163833",15.5658742968561
"ENSG00000163840",12.1008050789937
"ENSG00000163848",12.9288155277066
"ENSG00000163864",10.6668744868671
"ENSG00000163866",13.2315852141276
"ENSG00000163867",11.892261605783
"ENSG00000163870",11.3416638079904
"ENSG00000163872",12.4629436013782
"ENSG00000163873",8.86736742663216
"ENSG00000163874",10.6563438193749
"ENSG00000163875",13.344126445927
"ENSG00000163877",11.509030514833
"ENSG00000163879",10.0949681389714
"ENSG00000163882",12.0693982323747
"ENSG00000163884",13.1400710252519
"ENSG00000163898",4.88551477334242
"ENSG00000163900",11.9708544426998
"ENSG00000163902",14.7568040011541
"ENSG00000163904",13.368524350507
"ENSG00000163909",14.5575864702476
"ENSG00000163913",12.0614385154062
"ENSG00000163918",10.7184047875072
"ENSG00000163923",9.83971108372929
"ENSG00000163930",13.4515688115135
"ENSG00000163931",12.6337076229319
"ENSG00000163932",11.7459810318596
"ENSG00000163933",10.8256815238252
"ENSG00000163935",11.8420361366755
"ENSG00000163938",13.1993047987861
"ENSG00000163939",13.5894183467871
"ENSG00000163945",10.7875883526532
"ENSG00000163946",13.1133713464029
"ENSG00000163947",12.6066139620496
"ENSG00000163950",11.6269817597436
"ENSG00000163956",14.4924751178527
"ENSG00000163959",5.37094160051266
"ENSG00000163960",13.0342455525156
"ENSG00000163961",12.0812560665889
"ENSG00000163964",11.6851201957951
"ENSG00000163975",10.9856514446279
"ENSG00000163993",5.73351167989737
"ENSG00000163995",10.8536055253877
"ENSG00000164002",9.66161876141559
"ENSG00000164008",11.0189138987596
"ENSG00000164010",9.98143919334096
"ENSG00000164011",10.5119539100397
"ENSG00000164022",13.5214142392888
"ENSG00000164023",13.374961371965
"ENSG00000164024",14.3172212973084
"ENSG00000164031",13.0504217000181
"ENSG00000164032",14.0028981402739
"ENSG00000164035",13.3555634993537
"ENSG00000164037",6.26402639659615
"ENSG00000164038",11.1597764345995
"ENSG00000164039",12.4447006391302
"ENSG00000164040",14.0649262965165
"ENSG00000164045",7.69286969540002
"ENSG00000164047",4.14854917917621
"ENSG00000164048",11.57760714877
"ENSG00000164050",13.4114270340858
"ENSG00000164051",10.3251379108995
"ENSG00000164053",9.89450355656967
"ENSG00000164054",13.2065409019354
"ENSG00000164056",13.0403328823945
"ENSG00000164061",8.34494639197972
"ENSG00000164062",13.4485203264048
"ENSG00000164066",12.4809587579319
"ENSG00000164068",12.6120735524474
"ENSG00000164070",12.6992959645595
"ENSG00000164073",11.4614321344606
"ENSG00000164074",12.0851871181788
"ENSG00000164077",10.2709458105359
"ENSG00000164078",8.93862610980198
"ENSG00000164080",12.5508506905276
"ENSG00000164081",12.2553301976263
"ENSG00000164082",6.02301829709235
"ENSG00000164086",11.3677176996384
"ENSG00000164087",8.1181755301327
"ENSG00000164088",10.9167335039531
"ENSG00000164089",10.0147977902874
"ENSG00000164091",14.7028182491744
"ENSG00000164096",15.311569818757
"ENSG00000164104",13.9861771123476
"ENSG00000164105",11.21104510491
"ENSG00000164106",7.92113868307314
"ENSG00000164107",13.5810910795645
"ENSG00000164109",9.16349952064219
"ENSG00000164111",15.5011444103105
"ENSG00000164112",4.14854917917621
"ENSG00000164114",12.1353393219586
"ENSG00000164116",13.280406139785
"ENSG00000164117",12.5621771082004
"ENSG00000164118",12.1353393219586
"ENSG00000164120",8.97297761459276
"ENSG00000164122",9.07138131865375
"ENSG00000164124",11.7310048242868
"ENSG00000164125",15.1005623440657
"ENSG00000164128",8.49432401601794
"ENSG00000164129",5.37094160051266
"ENSG00000164134",13.1607081072446
"ENSG00000164136",10.2002112989987
"ENSG00000164142",11.2395437113968
"ENSG00000164144",12.2271447826723
"ENSG00000164151",13.3893405113382
"ENSG00000164161",4.14854917917621
"ENSG00000164162",11.2605542046893
"ENSG00000164163",13.8736313581026
"ENSG00000164164",13.2544576877474
"ENSG00000164167",10.6668744868671
"ENSG00000164168",12.7936071141607
"ENSG00000164169",12.205638371383
"ENSG00000164171",10.8809992922199
"ENSG00000164172",14.0367850621326
"ENSG00000164176",13.1532378249698
"ENSG00000164180",12.3853606604256
"ENSG00000164181",9.66161876141559
"ENSG00000164182",11.8420361366755
"ENSG00000164187",12.8431972595075
"ENSG00000164188",7.31847418061853
"ENSG00000164190",13.6181909964157
"ENSG00000164197",10.806760661928
"ENSG00000164209",14.149018730048
"ENSG00000164211",13.2579445656765
"ENSG00000164219",11.725978007212
"ENSG00000164220",7.98985143315716
"ENSG00000164221",10.6350490410117
"ENSG00000164237",12.4958014304234
"ENSG00000164241",10.8809992922199
"ENSG00000164244",12.8127001311688
"ENSG00000164251",9.35800254480516
"ENSG00000164252",12.7297497611012
"ENSG00000164253",12.8821294881578
"ENSG00000164258",13.9238851050731
"ENSG00000164266",4.14854917917621
"ENSG00000164270",8.29150713301826
"ENSG00000164283",4.88551477334242
"ENSG00000164284",11.7459810318596
"ENSG00000164291",10.2570736359544
"ENSG00000164292",14.3705390066658
"ENSG00000164294",11.3016789380755
"ENSG00000164296",9.458404441763
"ENSG00000164300",9.59700967999251
"ENSG00000164303",6.81151419189864
"ENSG00000164305",13.3292871661062
"ENSG00000164306",11.4246735844505
"ENSG00000164307",13.1974900878036
"ENSG00000164308",9.27783219612118
"ENSG00000164309",18.4386880536504
"ENSG00000164318",12.3563769727561
"ENSG00000164323",12.2413063200961
"ENSG00000164327",14.7721258851934
"ENSG00000164329",13.2333575669806
"ENSG00000164330",11.4059370218689
"ENSG00000164331",11.4614321344606
"ENSG00000164332",12.683824555797
"ENSG00000164338",10.9167335039531
"ENSG00000164342",10.0311922285381
"ENSG00000164344",7.92113868307314
"ENSG00000164346",13.4393360298751
"ENSG00000164347",13.7088820133887
"ENSG00000164366",12.4137735161008
"ENSG00000164385",5.37094160051266
"ENSG00000164393",2.56358667845506
"ENSG00000164398",10.0792865167391
"ENSG00000164402",13.548717051922
"ENSG00000164403",10.5002246174576
"ENSG00000164404",7.20744286822978
"ENSG00000164405",15.2357910024191
"ENSG00000164406",8.29150713301826
"ENSG00000164414",10.8350497063594
"ENSG00000164418",9.27783219612118
"ENSG00000164430",8.49432401601794
"ENSG00000164440",15.3307365907399
"ENSG00000164442",14.8171387410925
"ENSG00000164451",2.56358667845506
"ENSG00000164463",12.6202243935683
"ENSG00000164465",11.3612482043088
"ENSG00000164466",12.8639392387833
"ENSG00000164483",5.37094160051266
"ENSG00000164484",5.37094160051266
"ENSG00000164488",6.26402639659615
"ENSG00000164494",12.0614385154062
"ENSG00000164506",12.1162557759693
"ENSG00000164509",4.14854917917621
"ENSG00000164512",5.37094160051266
"ENSG00000164520",6.95590410123382
"ENSG00000164530",10.0474024557193
"ENSG00000164532",12.5845666173593
"ENSG00000164535",10.7284936051307
"ENSG00000164542",11.0674124164508
"ENSG00000164543",13.7748666259371
"ENSG00000164548",13.5558169434209
"ENSG00000164574",12.4659617929411
"ENSG00000164576",13.1324928329571
"ENSG00000164587",16.0747216079394
"ENSG00000164588",5.73351167989737
"ENSG00000164591",9.74349576846999
"ENSG00000164597",13.8928224201889
"ENSG00000164603",12.6256328161755
"ENSG00000164604",9.10274548956309
"ENSG00000164609",13.3765661497065
"ENSG00000164610",11.2743931121544
"ENSG00000164611",8.62967586891283
"ENSG00000164615",12.4385680261088
"ENSG00000164619",8.34494639197972
"ENSG00000164620",7.69286969540002
"ENSG00000164621",4.14854917917621
"ENSG00000164626",7.42156767358263
"ENSG00000164627",4.88551477334242
"ENSG00000164631",12.6890001489384
"ENSG00000164638",7.92113868307314
"ENSG00000164647",8.71333379795974
"ENSG00000164649",12.194763734159
"ENSG00000164654",12.7247185614394
"ENSG00000164659",11.288100531575
"ENSG00000164663",10.9078825863709
"ENSG00000164669",4.88551477334242
"ENSG00000164674",10.5579401153139
"ENSG00000164675",6.26402639659615
"ENSG00000164683",12.0969164107609
"ENSG00000164684",13.2683549178177
"ENSG00000164687",13.2562021801496
"ENSG00000164691",8.75341123733508
"ENSG00000164692",14.8699332321436
"ENSG00000164694",6.47047727406358
"ENSG00000164695",10.5351302324058
"ENSG00000164707",6.6510495197054
"ENSG00000164708",14.5497842656613
"ENSG00000164713",13.680580356002
"ENSG00000164715",13.4817045294868
"ENSG00000164733",17.1695869728331
"ENSG00000164736",11.2949057094801
"ENSG00000164741",14.4133827007007
"ENSG00000164742",12.146669445958
"ENSG00000164743",8.3964766926198
"ENSG00000164751",12.902323061029
"ENSG00000164754",15.4045612482769
"ENSG00000164758",10.0792865167391
"ENSG00000164761",12.3917231626492
"ENSG00000164764",9.03932010942146
"ENSG00000164776",11.2949057094801
"ENSG00000164808",12.1124085869138
"ENSG00000164815",10.402790466552
"ENSG00000164818",11.2674902518997
"ENSG00000164823",11.9233362387774
"ENSG00000164828",15.2651097450295
"ENSG00000164830",13.7490816026659
"ENSG00000164841",8.3964766926198
"ENSG00000164845",6.81151419189864
"ENSG00000164849",10.6242826101426
"ENSG00000164850",9.22179816120685
"ENSG00000164855",6.81151419189864
"ENSG00000164867",12.0127353238305
"ENSG00000164877",11.218222706983
"ENSG00000164879",11.1746114757624
"ENSG00000164880",12.223582570885
"ENSG00000164885",10.3117795280445
"ENSG00000164889",12.5817868572683
"ENSG00000164896",12.8888921335447
"ENSG00000164897",10.5351302324058
"ENSG00000164898",8.93862610980198
"ENSG00000164900",4.88551477334242
"ENSG00000164902",12.5308129372911
"ENSG00000164904",13.7552628248075
"ENSG00000164916",12.2128428559724
"ENSG00000164919",15.8692209660018
"ENSG00000164920",8.97297761459276
"ENSG00000164924",15.7874375614285
"ENSG00000164929",9.07138131865375
"ENSG00000164930",12.9971721196056
"ENSG00000164932",7.69286969540002
"ENSG00000164933",12.5762112173201
"ENSG00000164934",12.7791196782007
"ENSG00000164938",11.9623303703932
"ENSG00000164941",12.6417374861897
"ENSG00000164944",13.3523050111455
"ENSG00000164946",9.99821490609178
"ENSG00000164949",13.5515612027512
"ENSG00000164951",13.9997776739365
"ENSG00000164953",12.8888921335447
"ENSG00000164961",13.1699918911528
"ENSG00000164967",11.8605028853343
"ENSG00000164970",13.4530906418665
"ENSG00000164972",10.1410155064908
"ENSG00000164975",13.4772241065042
"ENSG00000164976",11.4854276155295
"ENSG00000164978",10.9687281415914
"ENSG00000164983",14.0669155350817
"ENSG00000164985",13.6222549287956
"ENSG00000164989",8.62967586891283
"ENSG00000165006",13.0484095727172
"ENSG00000165025",11.0106699046647
"ENSG00000165028",13.0604404558431
"ENSG00000165029",12.6864146732627
"ENSG00000165030",13.9051055017003
"ENSG00000165046",7.77304004408401
"ENSG00000165055",11.5607661593927
"ENSG00000165060",12.1162557759693
"ENSG00000165061",8.75341123733508
"ENSG00000165071",14.1565108340827
"ENSG00000165072",13.4300928906813
"ENSG00000165084",6.6510495197054
"ENSG00000165091",5.37094160051266
"ENSG00000165092",12.7791196782007
"ENSG00000165097",11.4184550617153
"ENSG00000165102",13.7490816026659
"ENSG00000165105",2.56358667845506
"ENSG00000165113",11.9364517385676
"ENSG00000165115",9.61886911395625
"ENSG00000165118",10.898977033149
"ENSG00000165119",16.0004283279144
"ENSG00000165121",9.83971108372929
"ENSG00000165124",13.5243126732941
"ENSG00000165138",11.3547495670101
"ENSG00000165140",8.3964766926198
"ENSG00000165152",13.5866479281904
"ENSG00000165156",13.0763271412586
"ENSG00000165168",12.3789699742686
"ENSG00000165169",13.5529811782998
"ENSG00000165171",6.02301829709235
"ENSG00000165175",10.5692112276489
"ENSG00000165178",6.47047727406358
"ENSG00000165182",5.73351167989737
"ENSG00000165185",10.3117795280445
"ENSG00000165186",7.20744286822978
"ENSG00000165192",14.3363136276949
"ENSG00000165194",8.49432401601794
"ENSG00000165195",11.3218098931818
"ENSG00000165197",10.6242826101426
"ENSG00000165209",12.2377789466007
"ENSG00000165219",13.3845633710763
"ENSG00000165233",10.7385123609557
"ENSG00000165238",13.5185099704854
"ENSG00000165240",11.3547495670101
"ENSG00000165244",10.3773678696721
"ENSG00000165259",9.22179816120685
"ENSG00000165264",14.1537058525622
"ENSG00000165269",14.8277360181784
"ENSG00000165271",12.4262240360139
"ENSG00000165272",11.9320931399627
"ENSG00000165275",10.390135165746
"ENSG00000165280",15.8884703956492
"ENSG00000165282",12.1046832938046
"ENSG00000165283",13.8402926983475
"ENSG00000165288",11.7899988712438
"ENSG00000165300",4.88551477334242
"ENSG00000165304",7.31847418061853
"ENSG00000165312",16.0739799894991
"ENSG00000165322",12.8268558788277
"ENSG00000165323",6.26402639659615
"ENSG00000165338",11.8787362407114
"ENSG00000165355",11.4370307909704
"ENSG00000165359",11.7360141871005
"ENSG00000165379",6.26402639659615
"ENSG00000165388",2.56358667845506
"ENSG00000165389",13.2474585470777
"ENSG00000165392",11.6107105905691
"ENSG00000165406",13.1736887414547
"ENSG00000165410",16.8431247167022
"ENSG00000165416",13.642404628417
"ENSG00000165417",12.8616492461741
"ENSG00000165424",13.4591619608357
"ENSG00000165434",10.7082449212869
"ENSG00000165443",4.14854917917621
"ENSG00000165449",8.54086660195497
"ENSG00000165457",12.1690661965167
"ENSG00000165458",13.7772984765607
"ENSG00000165474",4.88551477334242
"ENSG00000165475",11.725978007212
"ENSG00000165476",13.5214142392888
"ENSG00000165478",7.92113868307314
"ENSG00000165480",6.02301829709235
"ENSG00000165487",13.9499881020958
"ENSG00000165490",7.31847418061853
"ENSG00000165494",12.9397120677312
"ENSG00000165495",10.3514892378465
"ENSG00000165496",4.14854917917621
"ENSG00000165501",9.48244991572965
"ENSG00000165502",14.3921198889107
"ENSG00000165506",10.9687281415914
"ENSG00000165507",12.6786303286168
"ENSG00000165511",7.69286969540002
"ENSG00000165512",12.7644852834935
"ENSG00000165516",14.0255776290406
"ENSG00000165521",8.3964766926198
"ENSG00000165525",13.7797262348802
"ENSG00000165526",13.1532378249698
"ENSG00000165527",12.1353393219586
"ENSG00000165533",11.0189138987596
"ENSG00000165548",7.60798079781351
"ENSG00000165555",6.26402639659615
"ENSG00000165568",8.93862610980198
"ENSG00000165572",11.5437262560942
"ENSG00000165591",6.26402639659615
"ENSG00000165609",12.296602000141
"ENSG00000165617",8.86736742663216
"ENSG00000165621",5.73351167989737
"ENSG00000165626",12.0168573124657
"ENSG00000165629",16.5061928154778
"ENSG00000165630",10.4523299273533
"ENSG00000165632",11.4431699280678
"ENSG00000165633",12.5983856410323
"ENSG00000165637",15.3982552361459
"ENSG00000165644",9.52937096311715
"ENSG00000165646",5.37094160051266
"ENSG00000165650",12.492845087092
"ENSG00000165655",8.71333379795974
"ENSG00000165659",9.74349576846999
"ENSG00000165660",12.049415987157
"ENSG00000165661",12.1008050789937
"ENSG00000165669",12.7196697547437
"ENSG00000165671",13.3877498881992
"ENSG00000165672",16.063806143299
"ENSG00000165675",11.7706009986326
"ENSG00000165678",16.768845384229
"ENSG00000165684",10.390135165746
"ENSG00000165688",13.0075662210563
"ENSG00000165689",11.3350761479557
"ENSG00000165694",5.37094160051266
"ENSG00000165695",4.88551477334242
"ENSG00000165698",9.83971108372929
"ENSG00000165699",13.4439354866111
"ENSG00000165702",5.37094160051266
"ENSG00000165704",12.3563769727561
"ENSG00000165714",9.64040227550589
"ENSG00000165716",11.3612482043088
"ENSG00000165724",10.2002112989987
"ENSG00000165730",7.51778298884193
"ENSG00000165731",8.23601202042655
"ENSG00000165732",14.3054749511903
"ENSG00000165733",13.2666250674415
"ENSG00000165752",9.43395139803846
"ENSG00000165757",14.2557662547676
"ENSG00000165775",15.3915247586
"ENSG00000165782",12.2448250902329
"ENSG00000165792",13.0075662210563
"ENSG00000165795",16.2964960403862
"ENSG00000165801",12.5593538293329
"ENSG00000165802",11.9407972088436
"ENSG00000165804",11.4246735844505
"ENSG00000165806",11.9877529672732
"ENSG00000165807",2.56358667845506
"ENSG00000165810",14.9652662044375
"ENSG00000165813",13.2439462019688
"ENSG00000165819",12.9761565252603
"ENSG00000165821",10.1709169922047
"ENSG00000165832",12.0654238633574
"ENSG00000165861",11.5664016940621
"ENSG00000165863",6.02301829709235
"ENSG00000165868",12.3465848873755
"ENSG00000165874",6.02301829709235
"ENSG00000165879",8.58595449148351
"ENSG00000165886",10.2709458105359
"ENSG00000165887",16.3118843712582
"ENSG00000165891",6.02301829709235
"ENSG00000165895",11.6536990981193
"ENSG00000165898",12.4809587579319
"ENSG00000165899",7.69286969540002
"ENSG00000165912",14.7794229884175
"ENSG00000165914",12.5845666173593
"ENSG00000165915",13.2718084084934
"ENSG00000165916",14.3297014360418
"ENSG00000165917",8.3964766926198
"ENSG00000165923",5.73351167989737
"ENSG00000165929",11.8373822776693
"ENSG00000165934",13.0158279188859
"ENSG00000165935",2.56358667845506
"ENSG00000165943",14.1167359540536
"ENSG00000165948",10.1709169922047
"ENSG00000165949",13.7638722836794
"ENSG00000165959",13.0443768795509
"ENSG00000165966",6.47047727406358
"ENSG00000165972",6.26402639659615
"ENSG00000165983",11.3084205159546
"ENSG00000165995",12.6655623494043
"ENSG00000165996",13.7441174857995
"ENSG00000165997",12.5901101209748
"ENSG00000166002",11.2949057094801
"ENSG00000166004",11.3741583131962
"ENSG00000166012",13.0403328823945
"ENSG00000166016",12.1162557759693
"ENSG00000166024",11.0832229312983
"ENSG00000166025",13.9499881020958
"ENSG00000166033",13.2101453886096
"ENSG00000166035",4.14854917917621
"ENSG00000166037",12.4324092332301
"ENSG00000166046",12.6786303286168
"ENSG00000166068",12.4749786662985
"ENSG00000166073",10.7082449212869
"ENSG00000166086",13.315967325008
"ENSG00000166091",7.20744286822978
"ENSG00000166104",5.37094160051266
"ENSG00000166106",12.8315437628579
"ENSG00000166111",8.17829652257027
"ENSG00000166123",11.4246735844505
"ENSG00000166128",12.7069698924449
"ENSG00000166130",10.9516039638002
"ENSG00000166133",10.1856384979114
"ENSG00000166135",14.1167359540536
"ENSG00000166136",12.4869141638742
"ENSG00000166140",11.2605542046893
"ENSG00000166145",7.77304004408401
"ENSG00000166147",14.5376427010807
"ENSG00000166148",8.1181755301327
"ENSG00000166153",6.02301829709235
"ENSG00000166164",13.5009604986472
"ENSG00000166165",14.4211789641526
"ENSG00000166166",9.40907672939943
"ENSG00000166167",13.1625696494911
"ENSG00000166169",11.7996008703551
"ENSG00000166170",12.822152712345
"ENSG00000166171",10.9342740852623
"ENSG00000166173",12.7546458929867
"ENSG00000166181",13.7378882229227
"ENSG00000166183",10.6668744868671
"ENSG00000166188",9.92990889270087
"ENSG00000166189",10.7082449212869
"ENSG00000166192",9.61886911395625
"ENSG00000166197",13.6222549287956
"ENSG00000166199",11.225364776227
"ENSG00000166200",14.2408658697672
"ENSG00000166206",9.40907672939943
"ENSG00000166224",12.4354919161142
"ENSG00000166225",12.3201430009791
"ENSG00000166226",14.7180883723198
"ENSG00000166228",13.5430118737865
"ENSG00000166233",14.0468986334544
"ENSG00000166246",6.6510495197054
"ENSG00000166250",9.80199141778014
"ENSG00000166257",10.0949681389714
"ENSG00000166260",13.4772241065042
"ENSG00000166261",11.0674124164508
"ENSG00000166262",10.5803949661416
"ENSG00000166263",10.4277728231093
"ENSG00000166265",13.3813698002296
"ENSG00000166266",13.681878911482
"ENSG00000166268",4.88551477334242
"ENSG00000166272",12.8055698281494
"ENSG00000166275",12.0812560665889
"ENSG00000166278",9.16349952064219
"ENSG00000166289",11.0674124164508
"ENSG00000166292",10.8443574485857
"ENSG00000166295",15.3966744168771
"ENSG00000166311",12.9655328024316
"ENSG00000166313",13.6222549287956
"ENSG00000166317",15.9292256366896
"ENSG00000166321",10.698012998676
"ENSG00000166323",6.26402639659615
"ENSG00000166326",13.2155352891785
"ENSG00000166333",15.4410625449895
"ENSG00000166337",12.7521755241624
"ENSG00000166340",14.8687934374638
"ENSG00000166341",12.652374917172
"ENSG00000166343",10.5803949661416
"ENSG00000166347",13.2404252849292
"ENSG00000166348",14.5653467067823
"ENSG00000166349",8.62967586891283
"ENSG00000166352",12.4898826732362
"ENSG00000166377",11.5380012682606
"ENSG00000166387",11.3805703017104
"ENSG00000166394",8.90343668133968
"ENSG00000166398",13.4269986373967
"ENSG00000166401",11.2743931121544
"ENSG00000166402",13.0842053590113
"ENSG00000166405",12.822152712345
"ENSG00000166407",5.73351167989737
"ENSG00000166411",15.9999078282097
"ENSG00000166432",13.1865536232456
"ENSG00000166435",11.4492830517945
"ENSG00000166436",11.5206887200173
"ENSG00000166439",11.9189377748799
"ENSG00000166441",15.6074683861438
"ENSG00000166444",13.0723718405196
"ENSG00000166446",10.5465802531494
"ENSG00000166448",2.56358667845506
"ENSG00000166450",10.2430667779605
"ENSG00000166451",10.6668744868671
"ENSG00000166452",11.5031658927698
"ENSG00000166454",13.5810910795645
"ENSG00000166455",7.20744286822978
"ENSG00000166471",12.459919082365
"ENSG00000166473",11.4246735844505
"ENSG00000166477",11.4059370218689
"ENSG00000166478",11.5997602910085
"ENSG00000166479",14.1546414524918
"ENSG00000166482",13.3571899877345
"ENSG00000166483",15.0716290128841
"ENSG00000166484",10.3383737380562
"ENSG00000166501",9.61886911395625
"ENSG00000166503",13.228033963003
"ENSG00000166507",6.95590410123382
"ENSG00000166508",11.9623303703932
"ENSG00000166510",12.120092733127
"ENSG00000166523",9.72345801523345
"ENSG00000166526",11.9665987020301
"ENSG00000166527",5.37094160051266
"ENSG00000166529",10.5119539100397
"ENSG00000166532",13.4652078368012
"ENSG00000166546",8.34494639197972
"ENSG00000166548",12.2483352988767
"ENSG00000166557",11.7005777905353
"ENSG00000166558",4.14854917917621
"ENSG00000166562",11.5720153005256
"ENSG00000166575",11.8091393847107
"ENSG00000166578",7.98985143315716
"ENSG00000166579",13.1324928329571
"ENSG00000166582",10.5692112276489
"ENSG00000166589",5.73351167989737
"ENSG00000166592",11.4122096188844
"ENSG00000166595",13.409860589805
"ENSG00000166598",16.5366561815725
"ENSG00000166619",14.1537058525622
"ENSG00000166664",6.26402639659615
"ENSG00000166669",12.3433060335985
"ENSG00000166676",6.26402639659615
"ENSG00000166681",14.1602423461297
"ENSG00000166682",7.92113868307314
"ENSG00000166685",12.7984041095724
"ENSG00000166689",12.3853606604256
"ENSG00000166704",11.0988620550759
"ENSG00000166707",6.6510495197054
"ENSG00000166710",17.3483748635505
"ENSG00000166716",12.9505269237794
"ENSG00000166734",13.5185099704854
"ENSG00000166741",12.9697916838739
"ENSG00000166743",6.02301829709235
"ENSG00000166747",13.9073275969273
"ENSG00000166750",12.9950842827131
"ENSG00000166762",10.4883991820608
"ENSG00000166770",12.5016960046743
"ENSG00000166780",13.2718084084934
"ENSG00000166783",13.4454653860555
"ENSG00000166788",11.1672130234412
"ENSG00000166793",8.58595449148351
"ENSG00000166794",14.0091188974834
"ENSG00000166797",13.2718084084934
"ENSG00000166801",12.0812560665889
"ENSG00000166803",6.02301829709235
"ENSG00000166813",10.476476014685
"ENSG00000166816",13.642404628417
"ENSG00000166819",12.4568882093156
"ENSG00000166821",11.288100531575
"ENSG00000166822",11.3016789380755
"ENSG00000166823",7.92113868307314
"ENSG00000166825",10.898977033149
"ENSG00000166831",15.1313051363058
"ENSG00000166833",13.2404252849292
"ENSG00000166839",9.33177100323199
"ENSG00000166845",9.85820742734668
"ENSG00000166847",13.4067225895664
"ENSG00000166848",13.9369956386838
"ENSG00000166851",7.92113868307314
"ENSG00000166855",13.5300921303608
"ENSG00000166860",10.9601914596369
"ENSG00000166866",6.02301829709235
"ENSG00000166881",10.8536055253877
"ENSG00000166886",11.3612482043088
"ENSG00000166887",13.9756271930067
"ENSG00000166888",14.0964295894163
"ENSG00000166889",13.0802716277647
"ENSG00000166896",10.0474024557193
"ENSG00000166900",12.822152712345
"ENSG00000166902",13.3474034377752
"ENSG00000166908",12.3821688559359
"ENSG00000166912",13.7663227217052
"ENSG00000166913",15.2415264948452
"ENSG00000166920",2.56358667845506
"ENSG00000166922",6.26402639659615
"ENSG00000166923",4.14854917917621
"ENSG00000166924",6.02301829709235
"ENSG00000166925",11.2395437113968
"ENSG00000166927",13.1792163154232
"ENSG00000166928",8.90343668133968
"ENSG00000166938",12.9867025886022
"ENSG00000166946",13.4238977333745
"ENSG00000166947",5.73351167989737
"ENSG00000166949",12.7936071141607
"ENSG00000166960",5.73351167989737
"ENSG00000166963",12.6550220647787
"ENSG00000166965",10.8350497063594
"ENSG00000166971",13.6922254913077
"ENSG00000166974",15.7134925364801
"ENSG00000166979",11.9919468511593
"ENSG00000166986",13.7240884260107
"ENSG00000166987",12.0002982205923
"ENSG00000166997",11.0910636845155
"ENSG00000167004",15.1799057754319
"ENSG00000167005",14.09252909352
"ENSG00000167034",9.78275519891722
"ENSG00000167037",11.4122096188844
"ENSG00000167065",9.43395139803846
"ENSG00000167074",11.6851201957951
"ENSG00000167077",6.6510495197054
"ENSG00000167081",13.0544375551954
"ENSG00000167083",8.34494639197972
"ENSG00000167085",14.5604132064757
"ENSG00000167088",12.1911205629278
"ENSG00000167094",6.6510495197054
"ENSG00000167100",9.3050536648562
"ENSG00000167103",5.37094160051266
"ENSG00000167106",10.7082449212869
"ENSG00000167107",11.7851737997199
"ENSG00000167110",13.7240884260107
"ENSG00000167112",12.6941572412605
"ENSG00000167113",12.2377789466007
"ENSG00000167114",11.8650828734376
"ENSG00000167118",13.1438452459548
"ENSG00000167123",11.4614321344606
"ENSG00000167130",9.38376564087025
"ENSG00000167136",11.4794660572908
"ENSG00000167157",6.95590410123382
"ENSG00000167173",10.9167335039531
"ENSG00000167178",9.52937096311715
"ENSG00000167182",11.57760714877
"ENSG00000167186",12.8866414387967
"ENSG00000167191",14.338785407353
"ENSG00000167193",13.9293623137813
"ENSG00000167196",11.7948078591662
"ENSG00000167202",12.6066139620496
"ENSG00000167207",9.22179816120685
"ENSG00000167208",8.17829652257027
"ENSG00000167210",6.95590410123382
"ENSG00000167216",8.86736742663216
"ENSG00000167220",12.8315437628579
"ENSG00000167232",12.4749786662985
"ENSG00000167236",7.08714863451207
"ENSG00000167244",14.3096810621605
"ENSG00000167257",11.7310048242868
"ENSG00000167258",13.0604404558431
"ENSG00000167261",8.34494639197972
"ENSG00000167264",9.89450355656967
"ENSG00000167272",12.0773142744075
"ENSG00000167280",12.0614385154062
"ENSG00000167283",15.806909447061
"ENSG00000167286",5.73351167989737
"ENSG00000167291",12.5621771082004
"ENSG00000167302",10.9078825863709
"ENSG00000167306",6.47047727406358
"ENSG00000167311",7.84898889731731
"ENSG00000167315",14.8975805612164
"ENSG00000167323",12.5845666173593
"ENSG00000167325",12.9505269237794
"ENSG00000167332",7.42156767358263
"ENSG00000167333",11.0514267122781
"ENSG00000167363",13.280406139785
"ENSG00000167371",9.22179816120685
"ENSG00000167377",8.17829652257027
"ENSG00000167378",12.5536906423126
"ENSG00000167380",12.2829754993971
"ENSG00000167383",10.5803949661416
"ENSG00000167384",10.3773678696721
"ENSG00000167394",7.77304004408401
"ENSG00000167395",10.6668744868671
"ENSG00000167397",11.0988620550759
"ENSG00000167414",2.56358667845506
"ENSG00000167434",10.6134352279056
"ENSG00000167447",11.3805703017104
"ENSG00000167460",16.0823627579168
"ENSG00000167461",11.725978007212
"ENSG00000167468",14.5174193606003
"ENSG00000167470",13.5430118737865
"ENSG00000167476",6.47047727406358
"ENSG00000167483",4.88551477334242
"ENSG00000167487",10.2289225956402
"ENSG00000167491",11.8373822776693
"ENSG00000167508",10.476476014685
"ENSG00000167513",4.88551477334242
"ENSG00000167515",12.2761136788949
"ENSG00000167522",13.4950629123419
"ENSG00000167523",9.27783219612118
"ENSG00000167524",7.60798079781351
"ENSG00000167525",8.4462297278169
"ENSG00000167526",16.0249382215751
"ENSG00000167528",12.4168962338587
"ENSG00000167535",10.2002112989987
"ENSG00000167536",8.58595449148351
"ENSG00000167543",10.8536055253877
"ENSG00000167548",13.8804338620575
"ENSG00000167549",13.8759024251452
"ENSG00000167550",6.47047727406358
"ENSG00000167552",14.7555711918154
"ENSG00000167553",12.9803842060611
"ENSG00000167554",8.34494639197972
"ENSG00000167555",12.1911205629278
"ENSG00000167562",10.4401036250201
"ENSG00000167565",11.5607661593927
"ENSG00000167566",11.4553703816734
"ENSG00000167578",9.458404441763
"ENSG00000167588",12.5279275462475
"ENSG00000167595",10.4153357198711
"ENSG00000167600",6.26402639659615
"ENSG00000167601",13.0524310249124
"ENSG00000167604",9.35800254480516
"ENSG00000167608",8.4462297278169
"ENSG00000167613",10.9940392301206
"ENSG00000167614",8.3964766926198
"ENSG00000167615",14.8195004277928
"ENSG00000167617",9.3050536648562
"ENSG00000167619",4.14854917917621
"ENSG00000167625",9.27783219612118
"ENSG00000167632",11.8967420287657
"ENSG00000167635",13.7626455021081
"ENSG00000167637",10.6242826101426
"ENSG00000167641",11.4184550617153
"ENSG00000167642",10.5235886105231
"ENSG00000167645",11.4370307909704
"ENSG00000167646",7.42156767358263
"ENSG00000167657",13.6072975418022
"ENSG00000167658",17.4908553859649
"ENSG00000167670",9.22179816120685
"ENSG00000167671",13.0096360851716
"ENSG00000167674",10.9601914596369
"ENSG00000167676",14.7040969508233
"ENSG00000167680",11.1220073917237
"ENSG00000167685",11.8280292786817
"ENSG00000167693",11.4246735844505
"ENSG00000167695",10.214638369634
"ENSG00000167699",12.3101009995935
"ENSG00000167700",9.66161876141559
"ENSG00000167701",11.3218098931818
"ENSG00000167702",11.1892955215195
"ENSG00000167703",9.43395139803846
"ENSG00000167705",12.7221963666695
"ENSG00000167711",8.1181755301327
"ENSG00000167716",11.0271110517262
"ENSG00000167720",10.390135165746
"ENSG00000167721",13.2404252849292
"ENSG00000167723",9.64040227550589
"ENSG00000167733",9.10274548956309
"ENSG00000167740",11.1746114757624
"ENSG00000167747",10.0311922285381
"ENSG00000167748",4.88551477334242
"ENSG00000167765",6.81151419189864
"ENSG00000167766",13.5170556406839
"ENSG00000167767",5.73351167989737
"ENSG00000167770",13.0763271412586
"ENSG00000167771",7.42156767358263
"ENSG00000167772",10.402790466552
"ENSG00000167775",11.14478726038
"ENSG00000167778",13.4757275347508
"ENSG00000167779",11.4184550617153
"ENSG00000167780",4.14854917917621
"ENSG00000167785",11.6052458300923
"ENSG00000167792",15.4844977443785
"ENSG00000167797",12.8268558788277
"ENSG00000167799",10.5002246174576
"ENSG00000167815",15.1895237779935
"ENSG00000167840",10.1856384979114
"ENSG00000167842",12.120092733127
"ENSG00000167850",7.69286969540002
"ENSG00000167851",8.71333379795974
"ENSG00000167861",11.2395437113968
"ENSG00000167862",12.0654238633574
"ENSG00000167863",15.5135957203412
"ENSG00000167874",11.6851201957951
"ENSG00000167880",4.14854917917621
"ENSG00000167881",13.6675301083466
"ENSG00000167889",4.14854917917621
"ENSG00000167895",9.25008720563828
"ENSG00000167900",8.29150713301826
"ENSG00000167904",10.9601914596369
"ENSG00000167910",5.37094160051266
"ENSG00000167912",6.81151419189864
"ENSG00000167914",7.60798079781351
"ENSG00000167920",10.4153357198711
"ENSG00000167925",10.6457357198089
"ENSG00000167930",12.4293199493068
"ENSG00000167962",10.7583435328773
"ENSG00000167964",8.29150713301826
"ENSG00000167965",11.1066184987103
"ENSG00000167967",10.6350490410117
"ENSG00000167968",5.37094160051266
"ENSG00000167969",13.1588441599041
"ENSG00000167971",8.90343668133968
"ENSG00000167972",11.4492830517945
"ENSG00000167977",11.1892955215195
"ENSG00000167978",16.8896649996333
"ENSG00000167981",8.54086660195497
"ENSG00000167984",8.90343668133968
"ENSG00000167985",10.7972063552148
"ENSG00000167986",15.2144140525938
"ENSG00000167987",11.6747223486898
"ENSG00000167992",7.77304004408401
"ENSG00000167994",10.476476014685
"ENSG00000167995",11.0023785310333
"ENSG00000167996",17.2773490700216
"ENSG00000168000",7.42156767358263
"ENSG00000168002",12.6708037540464
"ENSG00000168003",12.7521755241624
"ENSG00000168004",9.16349952064219
"ENSG00000168005",10.1410155064908
"ENSG00000168010",12.3201430009791
"ENSG00000168014",12.0291530832645
"ENSG00000168016",11.57760714877
"ENSG00000168026",9.48244991572965
"ENSG00000168028",15.9728450078515
"ENSG00000168032",8.29150713301826
"ENSG00000168036",15.6197163129006
"ENSG00000168038",9.10274548956309
"ENSG00000168040",10.5002246174576
"ENSG00000168056",13.1114451845135
"ENSG00000168060",9.3050536648562
"ENSG00000168061",7.69286969540002
"ENSG00000168062",7.60798079781351
"ENSG00000168066",14.9534868512281
"ENSG00000168067",11.0753393322224
"ENSG00000168071",9.3050536648562
"ENSG00000168077",9.82097452114771
"ENSG00000168078",6.47047727406358
"ENSG00000168079",13.541582047068
"ENSG00000168090",13.8713567103458
"ENSG00000168092",13.5628820654785
"ENSG00000168096",10.4401036250201
"ENSG00000168101",11.7360141871005
"ENSG00000168116",10.476476014685
"ENSG00000168118",13.4891411183286
"ENSG00000168135",11.3151307375442
"ENSG00000168137",13.9073275969273
"ENSG00000168140",9.74349576846999
"ENSG00000168152",10.7779057992558
"ENSG00000168159",12.9740380299591
"ENSG00000168172",13.4935847410641
"ENSG00000168175",14.2382203402223
"ENSG00000168209",13.5126838341843
"ENSG00000168214",14.3412529593358
"ENSG00000168216",13.9348188068247
"ENSG00000168228",11.3218098931818
"ENSG00000168229",8.4462297278169
"ENSG00000168234",10.0949681389714
"ENSG00000168237",10.476476014685
"ENSG00000168243",4.14854917917621
"ENSG00000168246",11.8512990580045
"ENSG00000168255",9.59700967999251
"ENSG00000168256",13.2683549178177
"ENSG00000168259",14.1051673384462
"ENSG00000168264",14.5455106657724
"ENSG00000168268",13.4891411183286
"ENSG00000168273",11.9919468511593
"ENSG00000168274",7.08714863451207
"ENSG00000168275",11.6052458300923
"ENSG00000168280",10.6668744868671
"ENSG00000168282",12.2657593638206
"ENSG00000168283",12.3980577284393
"ENSG00000168286",11.9101004116207
"ENSG00000168288",14.7524845516972
"ENSG00000168291",15.3170123776005
"ENSG00000168297",11.8605028853343
"ENSG00000168300",14.1639642315629
"ENSG00000168301",10.8900161655774
"ENSG00000168303",11.225364776227
"ENSG00000168306",11.725978007212
"ENSG00000168309",15.8021406955537
"ENSG00000168310",12.0168573124657
"ENSG00000168329",6.6510495197054
"ENSG00000168334",18.9703065554453
"ENSG00000168356",6.02301829709235
"ENSG00000168374",14.3960811627912
"ENSG00000168385",16.0019887012518
"ENSG00000168386",14.2722395141416
"ENSG00000168389",6.95590410123382
"ENSG00000168393",10.2289225956402
"ENSG00000168394",12.3693305506067
"ENSG00000168395",11.8787362407114
"ENSG00000168397",12.4477571975635
"ENSG00000168398",10.0147977902874
"ENSG00000168404",11.2812631015215
"ENSG00000168405",13.1152949400757
"ENSG00000168411",11.1066184987103
"ENSG00000168421",4.88551477334242
"ENSG00000168427",10.8350497063594
"ENSG00000168434",11.8327133576045
"ENSG00000168438",12.2518369875882
"ENSG00000168439",14.3071588673907
"ENSG00000168447",7.08714863451207
"ENSG00000168453",9.458404441763
"ENSG00000168461",13.3797703598874
"ENSG00000168476",9.03932010942146
"ENSG00000168477",13.344126445927
"ENSG00000168481",6.6510495197054
"ENSG00000168487",12.1277361684408
"ENSG00000168488",12.8570583272932
"ENSG00000168490",9.10274548956309
"ENSG00000168491",6.81151419189864
"ENSG00000168495",11.9494490790965
"ENSG00000168496",10.0949681389714
"ENSG00000168497",15.3107306766418
"ENSG00000168502",11.0910636845155
"ENSG00000168509",12.2306982205301
"ENSG00000168517",7.98985143315716
"ENSG00000168522",13.4051510261856
"ENSG00000168528",8.23601202042655
"ENSG00000168530",6.02301829709235
"ENSG00000168538",12.8079505135756
"ENSG00000168542",15.0486612421537
"ENSG00000168546",8.05543977478473
"ENSG00000168556",8.49432401601794
"ENSG00000168564",11.4674685241912
"ENSG00000168566",12.492845087092
"ENSG00000168569",11.3869539185013
"ENSG00000168575",14.7647916857546
"ENSG00000168589",6.02301829709235
"ENSG00000168591",12.4106440245464
"ENSG00000168610",15.3634753671186
"ENSG00000168612",10.214638369634
"ENSG00000168614",10.9255304521903
"ENSG00000168615",15.0466466563267
"ENSG00000168619",2.56358667845506
"ENSG00000168621",4.88551477334242
"ENSG00000168646",10.6025056677474
"ENSG00000168653",15.476288931103
"ENSG00000168658",5.73351167989737
"ENSG00000168661",9.33177100323199
"ENSG00000168672",11.5551085245308
"ENSG00000168675",12.9134207699123
"ENSG00000168679",9.43395139803846
"ENSG00000168685",9.38376564087025
"ENSG00000168701",11.3284582691911
"ENSG00000168702",7.69286969540002
"ENSG00000168710",14.5130486578152
"ENSG00000168724",13.7503199675839
"ENSG00000168734",14.4798393772673
"ENSG00000168743",12.6444042060634
"ENSG00000168754",4.88551477334242
"ENSG00000168758",12.4354919161142
"ENSG00000168763",10.5465802531494
"ENSG00000168765",12.3948939222571
"ENSG00000168769",11.9407972088436
"ENSG00000168772",9.27783219612118
"ENSG00000168778",10.0949681389714
"ENSG00000168779",8.49432401601794
"ENSG00000168781",11.5887262407336
"ENSG00000168785",10.9687281415914
"ENSG00000168792",10.7583435328773
"ENSG00000168795",11.4431699280678
"ENSG00000168802",11.9012085804476
"ENSG00000168803",12.9288155277066
"ENSG00000168806",11.0433669424842
"ENSG00000168807",12.6011336324172
"ENSG00000168811",6.95590410123382
"ENSG00000168813",13.0822398341284
"ENSG00000168818",11.9793284467451
"ENSG00000168824",10.7583435328773
"ENSG00000168826",9.5061011837943
"ENSG00000168827",14.3354887591528
"ENSG00000168852",6.47047727406358
"ENSG00000168872",12.7936071141607
"ENSG00000168874",12.4839395338701
"ENSG00000168876",11.0674124164508
"ENSG00000168883",12.8431972595075
"ENSG00000168884",11.7310048242868
"ENSG00000168887",12.4508072939234
"ENSG00000168890",10.9516039638002
"ENSG00000168894",12.7644852834935
"ENSG00000168899",12.2020225924455
"ENSG00000168904",11.7056937357576
"ENSG00000168906",16.5675437270358
"ENSG00000168907",7.69286969540002
"ENSG00000168913",7.20744286822978
"ENSG00000168916",10.8162521109053
"ENSG00000168917",10.9167335039531
"ENSG00000168918",11.0988620550759
"ENSG00000168924",12.7595739764836
"ENSG00000168936",12.7472220599283
"ENSG00000168938",13.228033963003
"ENSG00000168944",12.4508072939234
"ENSG00000168952",12.3498563061035
"ENSG00000168958",14.3551565905819
"ENSG00000168959",4.88551477334242
"ENSG00000168961",11.3677176996384
"ENSG00000168970",9.82097452114771
"ENSG00000168993",7.77304004408401
"ENSG00000168994",12.7815443763192
"ENSG00000168995",8.75341123733508
"ENSG00000169016",12.5250363728533
"ENSG00000169018",14.7250335259731
"ENSG00000169019",12.2306982205301
"ENSG00000169020",14.8446473501321
"ENSG00000169021",15.9616623013649
"ENSG00000169026",9.96446611473724
"ENSG00000169031",12.9310014297019
"ENSG00000169032",13.5329731997973
"ENSG00000169045",15.7970565659771
"ENSG00000169047",12.5279275462475
"ENSG00000169057",13.3474034377752
"ENSG00000169062",12.5104929529115
"ENSG00000169071",7.20744286822978
"ENSG00000169083",13.1551090250258
"ENSG00000169085",8.90343668133968
"ENSG00000169087",10.8809992922199
"ENSG00000169105",10.6350490410117
"ENSG00000169116",15.5244936322208
"ENSG00000169118",11.0189138987596
"ENSG00000169122",12.0453861101208
"ENSG00000169126",5.73351167989737
"ENSG00000169129",10.7875883526532
"ENSG00000169131",11.3741583131962
"ENSG00000169136",10.214638369634
"ENSG00000169139",13.0920407892198
"ENSG00000169155",13.1644287928424
"ENSG00000169169",8.79240536895094
"ENSG00000169180",12.7297497611012
"ENSG00000169181",6.47047727406358
"ENSG00000169184",10.9429650455263
"ENSG00000169188",11.288100531575
"ENSG00000169189",12.3433060335985
"ENSG00000169193",11.218222706983
"ENSG00000169203",6.81151419189864
"ENSG00000169217",13.5024311359212
"ENSG00000169220",8.17829652257027
"ENSG00000169221",11.6851201957951
"ENSG00000169223",12.944047743544
"ENSG00000169224",4.88551477334242
"ENSG00000169228",8.58595449148351
"ENSG00000169230",12.8593556128756
"ENSG00000169231",11.4794660572908
"ENSG00000169239",10.6773288445042
"ENSG00000169241",10.6877079902842
"ENSG00000169242",12.1579112823799
"ENSG00000169245",6.26402639659615
"ENSG00000169246",10.0311922285381
"ENSG00000169247",10.1856384979114
"ENSG00000169248",2.56358667845506
"ENSG00000169249",11.4308654181647
"ENSG00000169251",13.8495667843833
"ENSG00000169252",10.6457357198089
"ENSG00000169255",13.3765661497065
"ENSG00000169258",6.47047727406358
"ENSG00000169271",14.9663323009507
"ENSG00000169282",11.7158715207616
"ENSG00000169288",12.9633986377807
"ENSG00000169291",13.6883542142775
"ENSG00000169299",11.9101004116207
"ENSG00000169302",7.98985143315716
"ENSG00000169306",8.05543977478473
"ENSG00000169313",10.2846858671622
"ENSG00000169314",5.73351167989737
"ENSG00000169330",5.37094160051266
"ENSG00000169359",12.935363322793
"ENSG00000169371",10.8350497063594
"ENSG00000169372",12.1277361684408
"ENSG00000169375",12.4659617929411
"ENSG00000169379",11.4734797622251
"ENSG00000169385",10.7284936051307
"ENSG00000169398",14.0509242936622
"ENSG00000169403",11.0433669424842
"ENSG00000169410",12.4075077297441
"ENSG00000169413",11.5664016940621
"ENSG00000169418",12.7397598275625
"ENSG00000169429",8.23601202042655
"ENSG00000169432",9.92990889270087
"ENSG00000169436",5.37094160051266
"ENSG00000169439",13.4742294089247
"ENSG00000169442",9.72345801523345
"ENSG00000169446",13.3025233601312
"ENSG00000169490",12.4987517280588
"ENSG00000169495",4.14854917917621
"ENSG00000169499",13.7954078571125
"ENSG00000169504",17.0130577786364
"ENSG00000169507",9.83971108372929
"ENSG00000169508",11.21104510491
"ENSG00000169515",12.2726704910054
"ENSG00000169519",11.7005777905353
"ENSG00000169554",14.2644598335953
"ENSG00000169564",14.931820289836
"ENSG00000169567",14.1022606315377
"ENSG00000169570",12.6038763994808
"ENSG00000169583",8.4462297278169
"ENSG00000169592",12.8776033823564
"ENSG00000169594",6.47047727406358
"ENSG00000169598",9.74349576846999
"ENSG00000169599",13.5935640250446
"ENSG00000169604",13.340841993647
"ENSG00000169607",6.47047727406358
"ENSG00000169609",10.9687281415914
"ENSG00000169612",10.3514892378465
"ENSG00000169621",8.86736742663216
"ENSG00000169627",5.37094160051266
"ENSG00000169629",9.83971108372929
"ENSG00000169635",9.55227136522722
"ENSG00000169641",13.7139686472729
"ENSG00000169660",10.3514892378465
"ENSG00000169679",7.98985143315716
"ENSG00000169682",7.84898889731731
"ENSG00000169683",8.1181755301327
"ENSG00000169684",7.51778298884193
"ENSG00000169689",10.806760661928
"ENSG00000169692",12.180135522234
"ENSG00000169696",11.4122096188844
"ENSG00000169710",12.6915809994315
"ENSG00000169714",16.5761239267413
"ENSG00000169715",12.570613945349
"ENSG00000169718",12.6444042060634
"ENSG00000169727",12.7936071141607
"ENSG00000169733",10.9429650455263
"ENSG00000169738",13.5300921303608
"ENSG00000169740",13.2923575279977
"ENSG00000169744",13.5155998433445
"ENSG00000169750",7.69286969540002
"ENSG00000169756",13.7954078571125
"ENSG00000169758",6.02301829709235
"ENSG00000169760",10.2982962986809
"ENSG00000169762",13.1229637689817
"ENSG00000169764",16.3118843712582
"ENSG00000169783",8.62967586891283
"ENSG00000169813",14.0866585053955
"ENSG00000169814",10.698012998676
"ENSG00000169826",13.2906562364788
"ENSG00000169851",14.6698224400708
"ENSG00000169855",10.9516039638002
"ENSG00000169857",11.9189377748799
"ENSG00000169860",9.68252775117857
"ENSG00000169862",10.5579401153139
"ENSG00000169871",11.2605542046893
"ENSG00000169884",5.37094160051266
"ENSG00000169885",4.14854917917621
"ENSG00000169891",10.2430667779605
"ENSG00000169894",10.5692112276489
"ENSG00000169895",13.3109405079331
"ENSG00000169896",11.6902911512982
"ENSG00000169902",10.698012998676
"ENSG00000169905",13.3571899877345
"ENSG00000169908",15.3855599139362
"ENSG00000169914",11.2395437113968
"ENSG00000169918",7.69286969540002
"ENSG00000169919",12.172765416597
"ENSG00000169925",11.3741583131962
"ENSG00000169926",14.457267416846
"ENSG00000169933",10.402790466552
"ENSG00000169946",12.3465848873755
"ENSG00000169951",10.9516039638002
"ENSG00000169955",10.8809992922199
"ENSG00000169957",11.9537556346552
"ENSG00000169962",6.02301829709235
"ENSG00000169964",10.9078825863709
"ENSG00000169967",13.0743508463729
"ENSG00000169972",8.93862610980198
"ENSG00000169976",13.3209766878217
"ENSG00000169981",10.4883991820608
"ENSG00000169989",6.26402639659615
"ENSG00000169991",10.8162521109053
"ENSG00000169992",11.7754749730011
"ENSG00000169994",8.1181755301327
"ENSG00000170004",13.0484095727172
"ENSG00000170006",9.92990889270087
"ENSG00000170011",9.27783219612118
"ENSG00000170017",11.1523013140373
"ENSG00000170027",16.083837027013
"ENSG00000170035",13.1152949400757
"ENSG00000170037",11.4059370218689
"ENSG00000170043",12.8978599637622
"ENSG00000170049",7.69286969540002
"ENSG00000170074",9.33177100323199
"ENSG00000170085",10.2430667779605
"ENSG00000170088",12.7120632606333
"ENSG00000170089",10.3514892378465
"ENSG00000170091",5.37094160051266
"ENSG00000170100",9.98143919334096
"ENSG00000170113",11.8186152482738
"ENSG00000170122",4.88551477334242
"ENSG00000170142",13.8144772141784
"ENSG00000170144",15.4559397541892
"ENSG00000170145",13.7012182766905
"ENSG00000170153",14.0954554536326
"ENSG00000170161",9.40907672939943
"ENSG00000170162",6.26402639659615
"ENSG00000170165",5.37094160051266
"ENSG00000170175",11.0988620550759
"ENSG00000170185",12.7669346814348
"ENSG00000170190",10.8627946968423
"ENSG00000170191",10.2982962986809
"ENSG00000170209",4.14854917917621
"ENSG00000170214",8.29150713301826
"ENSG00000170222",10.0474024557193
"ENSG00000170231",4.88551477334242
"ENSG00000170234",11.4370307909704
"ENSG00000170236",2.56358667845506
"ENSG00000170242",14.6137754460515
"ENSG00000170248",15.0005584235041
"ENSG00000170260",10.5235886105231
"ENSG00000170262",8.49432401601794
"ENSG00000170264",9.99821490609178
"ENSG00000170265",11.2812631015215
"ENSG00000170266",12.4168962338587
"ENSG00000170270",11.6161547292592
"ENSG00000170271",12.6444042060634
"ENSG00000170275",14.5020636171214
"ENSG00000170276",7.51778298884193
"ENSG00000170290",9.03932010942146
"ENSG00000170291",12.8821294881578
"ENSG00000170293",10.0634325655383
"ENSG00000170296",11.4553703816734
"ENSG00000170310",12.4106440245464
"ENSG00000170312",9.22179816120685
"ENSG00000170315",16.4085866002828
"ENSG00000170322",11.8741994601146
"ENSG00000170323",15.6264760537008
"ENSG00000170325",10.7779057992558
"ENSG00000170340",13.1625696494911
"ENSG00000170345",14.2859673136189
"ENSG00000170348",15.5439047964126
"ENSG00000170364",11.4734797622251
"ENSG00000170365",11.3677176996384
"ENSG00000170370",4.14854917917621
"ENSG00000170379",8.17829652257027
"ENSG00000170381",5.37094160051266
"ENSG00000170382",10.2002112989987
"ENSG00000170385",12.3433060335985
"ENSG00000170390",11.9877529672732
"ENSG00000170412",11.1746114757624
"ENSG00000170417",15.1581445583188
"ENSG00000170421",12.9740380299591
"ENSG00000170425",7.42156767358263
"ENSG00000170426",4.14854917917621
"ENSG00000170430",10.9342740852623
"ENSG00000170439",11.6799306396925
"ENSG00000170445",13.2838309367426
"ENSG00000170448",10.5002246174576
"ENSG00000170456",13.6556830934458
"ENSG00000170458",12.2342429275735
"ENSG00000170464",12.3661030435763
"ENSG00000170469",10.4523299273533
"ENSG00000170471",14.1301164610792
"ENSG00000170473",11.4674685241912
"ENSG00000170476",4.88551477334242
"ENSG00000170485",13.4817045294868
"ENSG00000170500",13.6543607330958
"ENSG00000170502",12.7571120389563
"ENSG00000170509",6.6510495197054
"ENSG00000170515",13.8156607212512
"ENSG00000170522",10.7082449212869
"ENSG00000170525",13.1324928329571
"ENSG00000170537",9.96446611473724
"ENSG00000170540",13.1625696494911
"ENSG00000170542",11.9056613464542
"ENSG00000170545",10.2570736359544
"ENSG00000170558",16.4756339474496
"ENSG00000170561",8.17829652257027
"ENSG00000170571",13.1625696494911
"ENSG00000170577",5.37094160051266
"ENSG00000170579",4.14854917917621
"ENSG00000170581",13.1457286601138
"ENSG00000170584",11.4794660572908
"ENSG00000170604",9.48244991572965
"ENSG00000170606",14.9437771452049
"ENSG00000170619",10.8256815238252
"ENSG00000170624",14.9361797115958
"ENSG00000170629",10.2289225956402
"ENSG00000170631",10.8350497063594
"ENSG00000170632",12.7472220599283
"ENSG00000170633",12.6120735524474
"ENSG00000170634",12.5016960046743
"ENSG00000170638",10.6563438193749
"ENSG00000170647",10.390135165746
"ENSG00000170653",12.6941572412605
"ENSG00000170677",13.2786906876912
"ENSG00000170681",14.2601195925334
"ENSG00000170703",6.95590410123382
"ENSG00000170727",8.1181755301327
"ENSG00000170734",10.3773678696721
"ENSG00000170743",5.37094160051266
"ENSG00000170745",9.00653017430379
"ENSG00000170759",15.6468997871058
"ENSG00000170776",16.9333884738294
"ENSG00000170779",8.79240536895094
"ENSG00000170786",5.73351167989737
"ENSG00000170791",13.2735320586876
"ENSG00000170801",13.1956730912902
"ENSG00000170802",11.7558794929258
"ENSG00000170807",18.5071774886867
"ENSG00000170832",12.8338820049271
"ENSG00000170835",7.51778298884193
"ENSG00000170836",11.2743931121544
"ENSG00000170837",10.5914926750249
"ENSG00000170846",10.9687281415914
"ENSG00000170852",13.462188065859
"ENSG00000170854",12.1353393219586
"ENSG00000170855",11.9145258600015
"ENSG00000170860",13.2047352758663
"ENSG00000170866",2.56358667845506
"ENSG00000170871",15.0824856712324
"ENSG00000170873",13.4772241065042
"ENSG00000170876",14.4047578677036
"ENSG00000170881",13.0443768795509
"ENSG00000170889",15.5749886683351
"ENSG00000170891",7.51778298884193
"ENSG00000170892",11.0023785310333
"ENSG00000170899",12.0930172326012
"ENSG00000170903",13.3457658722863
"ENSG00000170906",13.6410700353146
"ENSG00000170909",7.92113868307314
"ENSG00000170915",10.6877079902842
"ENSG00000170917",10.9342740852623
"ENSG00000170919",10.9601914596369
"ENSG00000170921",11.1296407166261
"ENSG00000170946",11.7706009986326
"ENSG00000170949",12.7171387101632
"ENSG00000170954",11.5997602910085
"ENSG00000170955",10.9516039638002
"ENSG00000170956",2.56358667845506
"ENSG00000170961",10.9516039638002
"ENSG00000170962",13.7614176764673
"ENSG00000170989",14.9103774002058
"ENSG00000171004",7.08714863451207
"ENSG00000171016",10.9078825863709
"ENSG00000171017",8.62967586891283
"ENSG00000171033",15.4310584854171
"ENSG00000171044",8.23601202042655
"ENSG00000171045",10.1560437157231
"ENSG00000171049",7.92113868307314
"ENSG00000171051",12.1541737283701
"ENSG00000171055",13.3259687171655
"ENSG00000171056",11.5997602910085
"ENSG00000171067",12.1911205629278
"ENSG00000171084",6.6510495197054
"ENSG00000171094",6.02301829709235
"ENSG00000171097",11.3482215240126
"ENSG00000171100",11.9580493730654
"ENSG00000171101",2.56358667845506
"ENSG00000171103",11.9877529672732
"ENSG00000171105",15.3553600593138
"ENSG00000171109",13.9840732912808
"ENSG00000171115",13.4145548294375
"ENSG00000171119",10.0949681389714
"ENSG00000171121",8.67211113523323
"ENSG00000171130",12.8662256022426
"ENSG00000171132",11.9451296296396
"ENSG00000171135",12.1983977286268
"ENSG00000171148",13.370136300441
"ENSG00000171150",12.8911393225363
"ENSG00000171155",12.5508506905276
"ENSG00000171159",10.4644534864358
"ENSG00000171160",10.9856514446279
"ENSG00000171161",12.4137735161008
"ENSG00000171163",11.3482215240126
"ENSG00000171169",10.0949681389714
"ENSG00000171174",10.5465802531494
"ENSG00000171202",13.0484095727172
"ENSG00000171204",13.409860589805
"ENSG00000171206",12.2020225924455
"ENSG00000171208",10.1709169922047
"ENSG00000171219",6.95590410123382
"ENSG00000171222",9.76325902329142
"ENSG00000171223",13.175533620275
"ENSG00000171224",9.87646963373941
"ENSG00000171227",9.22179816120685
"ENSG00000171236",6.6510495197054
"ENSG00000171241",8.17829652257027
"ENSG00000171243",7.69286969540002
"ENSG00000171262",13.0054933829973
"ENSG00000171282",10.1258291026761
"ENSG00000171291",10.1410155064908
"ENSG00000171295",11.0023785310333
"ENSG00000171298",12.9719164192224
"ENSG00000171302",12.1690661965167
"ENSG00000171303",9.03932010942146
"ENSG00000171307",12.6337076229319
"ENSG00000171310",10.6668744868671
"ENSG00000171311",11.6642490174603
"ENSG00000171314",13.370136300441
"ENSG00000171316",12.4168962338587
"ENSG00000171320",4.14854917917621
"ENSG00000171345",6.26402639659615
"ENSG00000171357",11.0594417053422
"ENSG00000171365",10.8627946968423
"ENSG00000171368",11.21104510491
"ENSG00000171385",12.5134133892142
"ENSG00000171388",10.9078825863709
"ENSG00000171408",12.5192365859834
"ENSG00000171421",11.8559083112571
"ENSG00000171425",9.38376564087025
"ENSG00000171428",9.27783219612118
"ENSG00000171443",8.97297761459276
"ENSG00000171444",13.5529811782998
"ENSG00000171448",11.514871393422
"ENSG00000171451",11.2812631015215
"ENSG00000171453",11.4246735844505
"ENSG00000171456",13.6857675797148
"ENSG00000171462",6.81151419189864
"ENSG00000171466",12.3234748616769
"ENSG00000171467",12.5163279256415
"ENSG00000171469",12.3885454189836
"ENSG00000171471",8.49432401601794
"ENSG00000171475",12.4043646020501
"ENSG00000171476",12.3885454189836
"ENSG00000171488",13.0524310249124
"ENSG00000171490",14.0479061020993
"ENSG00000171492",11.1672130234412
"ENSG00000171497",12.9591208139174
"ENSG00000171502",8.67211113523323
"ENSG00000171503",15.1169759831767
"ENSG00000171517",11.3482215240126
"ENSG00000171522",11.0594417053422
"ENSG00000171530",13.315967325008
"ENSG00000171533",10.1258291026761
"ENSG00000171552",14.0255776290406
"ENSG00000171566",13.1095164475405
"ENSG00000171574",10.898977033149
"ENSG00000171596",6.02301829709235
"ENSG00000171603",13.9724471144798
"ENSG00000171604",11.3996370335131
"ENSG00000171606",12.7839650061503
"ENSG00000171608",9.96446611473724
"ENSG00000171612",11.804378010617
"ENSG00000171617",11.509030514833
"ENSG00000171621",10.7779057992558
"ENSG00000171631",7.92113868307314
"ENSG00000171634",13.6831762991962
"ENSG00000171649",9.98143919334096
"ENSG00000171657",4.88551477334242
"ENSG00000171658",7.08714863451207
"ENSG00000171659",11.8605028853343
"ENSG00000171680",11.6694951870262
"ENSG00000171681",13.0802716277647
"ENSG00000171700",9.3050536648562
"ENSG00000171703",11.4059370218689
"ENSG00000171714",14.2222444705811
"ENSG00000171720",12.9397120677312
"ENSG00000171723",12.6786303286168
"ENSG00000171724",12.5928739054233
"ENSG00000171729",9.458404441763
"ENSG00000171735",13.4802126006663
"ENSG00000171747",6.6510495197054
"ENSG00000171757",8.83037321914996
"ENSG00000171763",10.1258291026761
"ENSG00000171766",12.5956324053859
"ENSG00000171772",2.56358667845506
"ENSG00000171777",9.07138131865375
"ENSG00000171786",4.14854917917621
"ENSG00000171790",5.73351167989737
"ENSG00000171791",11.7410062164443
"ENSG00000171792",10.2002112989987
"ENSG00000171793",11.5206887200173
"ENSG00000171798",6.02301829709235
"ENSG00000171806",10.2430667779605
"ENSG00000171811",8.3964766926198
"ENSG00000171812",8.71333379795974
"ENSG00000171813",9.48244991572965
"ENSG00000171817",11.6323649564405
"ENSG00000171819",6.95590410123382
"ENSG00000171823",9.07138131865375
"ENSG00000171824",13.0703901162507
"ENSG00000171827",9.27783219612118
"ENSG00000171840",9.72345801523345
"ENSG00000171843",11.0594417053422
"ENSG00000171848",7.69286969540002
"ENSG00000171853",12.6734173327339
"ENSG00000171858",14.262725303731
"ENSG00000171860",11.4059370218689
"ENSG00000171861",11.288100531575
"ENSG00000171862",14.1157754380122
"ENSG00000171863",15.8695059146578
"ENSG00000171865",11.6642490174603
"ENSG00000171867",15.5971817469068
"ENSG00000171873",6.26402639659615
"ENSG00000171877",9.68252775117857
"ENSG00000171885",10.898977033149
"ENSG00000171903",6.6510495197054
"ENSG00000171914",13.5656984549349
"ENSG00000171928",12.3725508533743
"ENSG00000171940",11.5031658927698
"ENSG00000171943",8.49432401601794
"ENSG00000171951",6.02301829709235
"ENSG00000171953",11.7360141871005
"ENSG00000171960",10.9516039638002
"ENSG00000171962",8.29150713301826
"ENSG00000171970",9.07138131865375
"ENSG00000171984",9.27783219612118
"ENSG00000171988",13.96606585067
"ENSG00000171992",16.9275160796216
"ENSG00000172005",9.85820742734668
"ENSG00000172006",10.7583435328773
"ENSG00000172007",11.6161547292592
"ENSG00000172009",11.3151307375442
"ENSG00000172020",6.47047727406358
"ENSG00000172031",4.88551477334242
"ENSG00000172037",16.0781774622008
"ENSG00000172046",13.2173274571616
"ENSG00000172053",14.424285711067
"ENSG00000172057",13.6779797333224
"ENSG00000172059",13.1625696494911
"ENSG00000172061",7.92113868307314
"ENSG00000172062",10.1560437157231
"ENSG00000172071",14.1658215797961
"ENSG00000172081",11.6430714622819
"ENSG00000172086",12.3465848873755
"ENSG00000172113",11.5264826837923
"ENSG00000172115",16.9689276154999
"ENSG00000172116",6.81151419189864
"ENSG00000172123",10.2289225956402
"ENSG00000172137",7.69286969540002
"ENSG00000172139",7.51778298884193
"ENSG00000172156",10.6134352279056
"ENSG00000172159",14.011186536735
"ENSG00000172164",10.8443574485857
"ENSG00000172167",8.67211113523323
"ENSG00000172171",11.4614321344606
"ENSG00000172172",13.1681399075341
"ENSG00000172175",12.9888025817544
"ENSG00000172183",10.0474024557193
"ENSG00000172197",11.0189138987596
"ENSG00000172201",11.9056613464542
"ENSG00000172209",13.6792806306521
"ENSG00000172215",7.08714863451207
"ENSG00000172216",12.3563769727561
"ENSG00000172236",7.69286969540002
"ENSG00000172239",13.8541815665376
"ENSG00000172243",11.2038316146774
"ENSG00000172244",7.84898889731731
"ENSG00000172247",4.14854917917621
"ENSG00000172250",5.73351167989737
"ENSG00000172260",12.9067723939029
"ENSG00000172262",11.9407972088436
"ENSG00000172264",8.90343668133968
"ENSG00000172269",11.6377281412076
"ENSG00000172270",16.4480434181856
"ENSG00000172273",10.8256815238252
"ENSG00000172292",15.3923182111381
"ENSG00000172296",10.9772146074792
"ENSG00000172301",12.5901101209748
"ENSG00000172315",11.2812631015215
"ENSG00000172318",7.69286969540002
"ENSG00000172322",10.1856384979114
"ENSG00000172331",12.1085511112443
"ENSG00000172336",10.7284936051307
"ENSG00000172339",10.3251379108995
"ENSG00000172340",14.3632730397863
"ENSG00000172345",9.458404441763
"ENSG00000172346",15.1716104289115
"ENSG00000172348",15.8261220189813
"ENSG00000172349",10.9772146074792
"ENSG00000172350",9.94729097092911
"ENSG00000172354",13.3424851544634
"ENSG00000172361",6.47047727406358
"ENSG00000172366",12.0332284956946
"ENSG00000172375",10.8443574485857
"ENSG00000172379",11.0271110517262
"ENSG00000172380",14.187010968325
"ENSG00000172382",5.73351167989737
"ENSG00000172399",17.828945333726
"ENSG00000172403",15.7495461140864
"ENSG00000172409",10.4401036250201
"ENSG00000172426",6.47047727406358
"ENSG00000172428",12.9867025886022
"ENSG00000172432",13.3877498881992
"ENSG00000172456",10.9856514446279
"ENSG00000172458",7.60798079781351
"ENSG00000172460",6.02301829709235
"ENSG00000172465",12.3917231626492
"ENSG00000172466",14.2033795717344
"ENSG00000172469",12.3821688559359
"ENSG00000172476",6.47047727406358
"ENSG00000172493",14.7800294176156
"ENSG00000172500",12.652374917172
"ENSG00000172508",10.8350497063594
"ENSG00000172530",9.78275519891722
"ENSG00000172531",13.4500453741588
"ENSG00000172534",12.5593538293329
"ENSG00000172543",6.6510495197054
"ENSG00000172554",8.4462297278169
"ENSG00000172572",15.9363157314932
"ENSG00000172575",6.26402639659615
"ENSG00000172578",9.70313803085385
"ENSG00000172586",12.0614385154062
"ENSG00000172590",11.9961285788433
"ENSG00000172594",11.4614321344606
"ENSG00000172602",7.69286969540002
"ENSG00000172613",9.25008720563828
"ENSG00000172638",13.2226906419287
"ENSG00000172660",14.496908499188
"ENSG00000172661",12.0332284956946
"ENSG00000172663",11.7459810318596
"ENSG00000172667",12.5046342847956
"ENSG00000172671",11.0023785310333
"ENSG00000172673",6.02301829709235
"ENSG00000172687",9.5061011837943
"ENSG00000172716",13.2648931404137
"ENSG00000172717",5.37094160051266
"ENSG00000172724",8.17829652257027
"ENSG00000172725",11.21104510491
"ENSG00000172728",9.96446611473724
"ENSG00000172731",12.6812297798441
"ENSG00000172732",12.1504264664169
"ENSG00000172733",6.02301829709235
"ENSG00000172738",7.08714863451207
"ENSG00000172748",9.19294329853467
"ENSG00000172757",15.4002288274809
"ENSG00000172765",12.5104929529115
"ENSG00000172766",11.4913646405374
"ENSG00000172771",4.14854917917621
"ENSG00000172775",13.5344115798177
"ENSG00000172785",12.4689736834732
"ENSG00000172794",8.97297761459276
"ENSG00000172795",11.8650828734376
"ENSG00000172799",5.73351167989737
"ENSG00000172803",7.31847418061853
"ENSG00000172809",14.8271493182757
"ENSG00000172817",9.3050536648562
"ENSG00000172819",10.6668744868671
"ENSG00000172824",11.0674124164508
"ENSG00000172828",8.79240536895094
"ENSG00000172830",11.0594417053422
"ENSG00000172831",13.7724306691897
"ENSG00000172840",9.40907672939943
"ENSG00000172845",13.5501398282117
"ENSG00000172869",13.5543997576087
"ENSG00000172878",11.1819721807137
"ENSG00000172888",12.0574421276959
"ENSG00000172889",13.0260889510523
"ENSG00000172890",12.3917231626492
"ENSG00000172893",12.0891074875501
"ENSG00000172901",9.19294329853467
"ENSG00000172915",13.3733548071655
"ENSG00000172922",12.6497229034824
"ENSG00000172932",11.0594417053422
"ENSG00000172935",10.0949681389714
"ENSG00000172936",12.1085511112443
"ENSG00000172939",13.6141155839856
"ENSG00000172943",12.4447006391302
"ENSG00000172954",12.2271447826723
"ENSG00000172965",11.6107105905691
"ENSG00000172974",10.5914926750249
"ENSG00000172977",12.9266263087116
"ENSG00000172985",11.0352618928471
"ENSG00000172986",10.4153357198711
"ENSG00000172992",11.6052458300923
"ENSG00000173011",12.5621771082004
"ENSG00000173013",7.20744286822978
"ENSG00000173020",13.0763271412586
"ENSG00000173039",12.9156301042505
"ENSG00000173040",8.4462297278169
"ENSG00000173041",12.1541737283701
"ENSG00000173064",13.6276557588406
"ENSG00000173065",11.2674902518997
"ENSG00000173068",10.5692112276489
"ENSG00000173083",9.10274548956309
"ENSG00000173085",11.7608033715651
"ENSG00000173110",7.84898889731731
"ENSG00000173113",13.2700826965162
"ENSG00000173114",9.35800254480516
"ENSG00000173120",13.657004242843
"ENSG00000173137",8.86736742663216
"ENSG00000173141",12.7221963666695
"ENSG00000173145",11.7056937357576
"ENSG00000173153",14.1205716360495
"ENSG00000173156",11.0352618928471
"ENSG00000173163",12.6147956193698
"ENSG00000173166",13.2666250674415
"ENSG00000173171",10.3117795280445
"ENSG00000173175",15.0124773080843
"ENSG00000173193",13.3243066259207
"ENSG00000173198",8.79240536895094
"ENSG00000173200",9.27783219612118
"ENSG00000173207",9.80199141778014
"ENSG00000173208",11.0832229312983
"ENSG00000173209",13.5472928711144
"ENSG00000173210",14.4133827007007
"ENSG00000173214",10.5351302324058
"ENSG00000173218",11.6694951870262
"ENSG00000173221",14.0153129465296
"ENSG00000173226",11.4614321344606
"ENSG00000173227",6.02301829709235
"ENSG00000173230",14.8778866803526
"ENSG00000173253",5.37094160051266
"ENSG00000173258",9.55227136522722
"ENSG00000173261",5.37094160051266
"ENSG00000173264",10.7082449212869
"ENSG00000173267",10.8719257085945
"ENSG00000173269",14.3379619512571
"ENSG00000173272",12.2413063200961
"ENSG00000173273",13.3893405113382
"ENSG00000173275",11.4246735844505
"ENSG00000173276",12.7620317199074
"ENSG00000173281",13.5344115798177
"ENSG00000173295",7.77304004408401
"ENSG00000173320",12.6417374861897
"ENSG00000173327",12.1239195126675
"ENSG00000173334",14.3777685626453
"ENSG00000173338",6.02301829709235
"ENSG00000173349",10.4153357198711
"ENSG00000173369",14.8189103684632
"ENSG00000173372",14.437415253342
"ENSG00000173376",11.7754749730011
"ENSG00000173391",4.88551477334242
"ENSG00000173402",15.0501703375223
"ENSG00000173406",6.95590410123382
"ENSG00000173409",12.1239195126675
"ENSG00000173418",13.3636776660801
"ENSG00000173421",9.3050536648562
"ENSG00000173432",9.70313803085385
"ENSG00000173436",11.725978007212
"ENSG00000173442",14.2399845654998
"ENSG00000173451",10.2846858671622
"ENSG00000173456",11.0988620550759
"ENSG00000173457",12.2342429275735
"ENSG00000173465",10.2289225956402
"ENSG00000173473",12.7146032173473
"ENSG00000173480",11.0433669424842
"ENSG00000173482",15.5520938573782
"ENSG00000173486",12.4447006391302
"ENSG00000173511",13.8449371934361
"ENSG00000173517",14.9197635089714
"ENSG00000173530",11.5831774068129
"ENSG00000173531",9.19294329853467
"ENSG00000173535",6.6510495197054
"ENSG00000173542",12.9992569393916
"ENSG00000173545",13.4004260382038
"ENSG00000173546",13.1037147170372
"ENSG00000173548",12.2588149699508
"ENSG00000173557",4.14854917917621
"ENSG00000173559",11.2743931121544
"ENSG00000173566",9.00653017430379
"ENSG00000173567",4.14854917917621
"ENSG00000173575",14.027621830645
"ENSG00000173581",10.4644534864358
"ENSG00000173588",10.9687281415914
"ENSG00000173597",10.4277728231093
"ENSG00000173598",15.525578909384
"ENSG00000173599",10.5465802531494
"ENSG00000173611",10.8627946968423
"ENSG00000173614",11.9750976664671
"ENSG00000173621",9.3050536648562
"ENSG00000173626",5.37094160051266
"ENSG00000173638",8.23601202042655
"ENSG00000173641",19.0500289268701
"ENSG00000173653",9.92990889270087
"ENSG00000173660",15.924570894429
"ENSG00000173674",14.5611190259814
"ENSG00000173681",11.8280292786817
"ENSG00000173692",14.4511881029638
"ENSG00000173698",8.3964766926198
"ENSG00000173702",4.14854917917621
"ENSG00000173705",10.0474024557193
"ENSG00000173706",15.6186996144506
"ENSG00000173714",5.73351167989737
"ENSG00000173715",8.54086660195497
"ENSG00000173726",15.1762248420598
"ENSG00000173727",9.40907672939943
"ENSG00000173744",14.3648908645041
"ENSG00000173757",13.9872278735309
"ENSG00000173762",5.37094160051266
"ENSG00000173786",12.492845087092
"ENSG00000173801",14.3004113775539
"ENSG00000173812",16.7644086727593
"ENSG00000173818",10.7082449212869
"ENSG00000173821",14.2382203402223
"ENSG00000173825",5.73351167989737
"ENSG00000173846",11.21104510491
"ENSG00000173848",12.1911205629278
"ENSG00000173852",13.6018198131868
"ENSG00000173867",4.14854917917621
"ENSG00000173868",6.6510495197054
"ENSG00000173875",12.0291530832645
"ENSG00000173889",13.7152375084285
"ENSG00000173890",8.4462297278169
"ENSG00000173894",9.43395139803846
"ENSG00000173898",6.95590410123382
"ENSG00000173905",14.648062915909
"ENSG00000173914",11.196581875598
"ENSG00000173915",15.2750385651698
"ENSG00000173917",9.55227136522722
"ENSG00000173918",14.7325721194338
"ENSG00000173926",12.0168573124657
"ENSG00000173928",7.84898889731731
"ENSG00000173930",4.14854917917621
"ENSG00000173933",9.96446611473724
"ENSG00000173947",10.9687281415914
"ENSG00000173950",9.87646963373941
"ENSG00000173960",12.8798682102013
"ENSG00000173991",17.6237337277838
"ENSG00000173992",11.3218098931818
"ENSG00000174004",9.22179816120685
"ENSG00000174007",8.17829652257027
"ENSG00000174010",11.9537556346552
"ENSG00000174013",11.3151307375442
"ENSG00000174021",14.1377071134648
"ENSG00000174028",9.38376564087025
"ENSG00000174032",15.2776174933838
"ENSG00000174059",14.9329113808624
"ENSG00000174080",13.0783007325935
"ENSG00000174083",8.86736742663216
"ENSG00000174093",10.9772146074792
"ENSG00000174099",15.2904434339058
"ENSG00000174100",12.8408740785854
"ENSG00000174106",12.5901101209748
"ENSG00000174109",10.3514892378465
"ENSG00000174111",9.91231483268614
"ENSG00000174123",4.14854917917621
"ENSG00000174125",10.1410155064908
"ENSG00000174130",8.93862610980198
"ENSG00000174132",11.6107105905691
"ENSG00000174136",11.8877672250738
"ENSG00000174137",6.6510495197054
"ENSG00000174151",11.2465812621367
"ENSG00000174165",9.43395139803846
"ENSG00000174171",11.9145258600015
"ENSG00000174173",12.4568882093156
"ENSG00000174175",11.4492830517945
"ENSG00000174177",10.402790466552
"ENSG00000174194",8.62967586891283
"ENSG00000174197",13.017885972075
"ENSG00000174206",9.48244991572965
"ENSG00000174226",8.97297761459276
"ENSG00000174227",12.6603018329436
"ENSG00000174231",15.3228507236438
"ENSG00000174233",16.0439982359966
"ENSG00000174236",9.00653017430379
"ENSG00000174238",13.735388967138
"ENSG00000174243",13.2769731933921
"ENSG00000174276",8.05543977478473
"ENSG00000174282",14.1924878304832
"ENSG00000174292",8.49432401601794
"ENSG00000174306",13.3829674693197
"ENSG00000174307",11.3612482043088
"ENSG00000174326",7.20744286822978
"ENSG00000174327",8.3964766926198
"ENSG00000174332",4.14854917917621
"ENSG00000174348",12.2692190658165
"ENSG00000174353",9.78275519891722
"ENSG00000174365",9.87646963373941
"ENSG00000174370",9.61886911395625
"ENSG00000174371",6.02301829709235
"ENSG00000174373",13.0219932916916
"ENSG00000174374",11.7005777905353
"ENSG00000174403",10.7484620213633
"ENSG00000174405",12.3757639839695
"ENSG00000174407",10.5351302324058
"ENSG00000174428",10.3117795280445
"ENSG00000174429",15.811662487632
"ENSG00000174437",19.0246983706957
"ENSG00000174442",10.1410155064908
"ENSG00000174444",17.2660299520092
"ENSG00000174446",12.570613945349
"ENSG00000174456",10.402790466552
"ENSG00000174469",8.34494639197972
"ENSG00000174483",7.31847418061853
"ENSG00000174485",12.3531203234254
"ENSG00000174500",4.88551477334242
"ENSG00000174501",10.2709458105359
"ENSG00000174502",13.1736887414547
"ENSG00000174514",9.64040227550589
"ENSG00000174516",9.91231483268614
"ENSG00000174527",7.77304004408401
"ENSG00000174529",8.62967586891283
"ENSG00000174547",12.5593538293329
"ENSG00000174564",7.51778298884193
"ENSG00000174574",13.7278651167562
"ENSG00000174579",11.5437262560942
"ENSG00000174586",4.14854917917621
"ENSG00000174599",7.98985143315716
"ENSG00000174600",11.6954436390638
"ENSG00000174606",12.3980577284393
"ENSG00000174611",8.49432401601794
"ENSG00000174628",10.1856384979114
"ENSG00000174640",13.8013941521782
"ENSG00000174652",12.8707874875959
"ENSG00000174669",11.6052458300923
"ENSG00000174672",7.08714863451207
"ENSG00000174680",4.14854917917621
"ENSG00000174684",12.7620317199074
"ENSG00000174695",14.2748234462488
"ENSG00000174697",8.75341123733508
"ENSG00000174705",12.1239195126675
"ENSG00000174718",12.4416375911836
"ENSG00000174720",14.0122192461856
"ENSG00000174721",7.77304004408401
"ENSG00000174738",12.5956324053859
"ENSG00000174740",8.17829652257027
"ENSG00000174744",11.5494286154584
"ENSG00000174748",16.4123074121426
"ENSG00000174749",13.8274426980511
"ENSG00000174775",11.8138850963614
"ENSG00000174776",5.37094160051266
"ENSG00000174780",13.9249822116209
"ENSG00000174788",4.88551477334242
"ENSG00000174791",8.54086660195497
"ENSG00000174796",12.0372924280745
"ENSG00000174799",10.5465802531494
"ENSG00000174804",15.1346282260561
"ENSG00000174807",10.7681578227043
"ENSG00000174808",6.81151419189864
"ENSG00000174827",4.14854917917621
"ENSG00000174837",7.77304004408401
"ENSG00000174839",12.5104929529115
"ENSG00000174840",12.2999886097733
"ENSG00000174842",10.8719257085945
"ENSG00000174844",4.88551477334242
"ENSG00000174851",11.9101004116207
"ENSG00000174871",4.14854917917621
"ENSG00000174886",11.6430714622819
"ENSG00000174891",11.4614321344606
"ENSG00000174899",9.25008720563828
"ENSG00000174903",14.2078936400006
"ENSG00000174912",5.37094160051266
"ENSG00000174915",12.0127353238305
"ENSG00000174917",12.8978599637622
"ENSG00000174928",11.3350761479557
"ENSG00000174938",7.84898889731731
"ENSG00000174939",5.73351167989737
"ENSG00000174943",9.66161876141559
"ENSG00000174944",11.8605028853343
"ENSG00000174946",7.51778298884193
"ENSG00000174951",10.5465802531494
"ENSG00000174953",13.7857778169114
"ENSG00000174977",10.6134352279056
"ENSG00000174989",10.9167335039531
"ENSG00000174996",12.4012146116265
"ENSG00000175003",2.56358667845506
"ENSG00000175029",12.7422515294615
"ENSG00000175040",10.6773288445042
"ENSG00000175048",11.1066184987103
"ENSG00000175054",12.6337076229319
"ENSG00000175061",14.9037149521556
"ENSG00000175063",6.95590410123382
"ENSG00000175066",11.9056613464542
"ENSG00000175073",12.0773142744075
"ENSG00000175084",19.521516236181
"ENSG00000175087",10.1410155064908
"ENSG00000175093",9.68252775117857
"ENSG00000175104",12.0209675575276
"ENSG00000175105",11.3933094135411
"ENSG00000175106",9.68252775117857
"ENSG00000175110",13.4530906418665
"ENSG00000175115",12.9591208139174
"ENSG00000175130",12.4477571975635
"ENSG00000175137",12.2448250902329
"ENSG00000175147",6.26402639659615
"ENSG00000175155",12.8593556128756
"ENSG00000175161",7.84898889731731
"ENSG00000175164",8.05543977478473
"ENSG00000175166",14.8165477148487
"ENSG00000175170",6.26402639659615
"ENSG00000175175",7.42156767358263
"ENSG00000175182",12.172765416597
"ENSG00000175183",12.7620317199074
"ENSG00000175193",13.0013387507787
"ENSG00000175197",12.1315427538705
"ENSG00000175198",13.2368957540168
"ENSG00000175203",14.3592205229618
"ENSG00000175206",16.9816369175982
"ENSG00000175213",9.57481393387831
"ENSG00000175215",14.872778785415
"ENSG00000175216",14.2399845654998
"ENSG00000175220",14.0609395719321
"ENSG00000175221",10.8627946968423
"ENSG00000175224",13.5214142392888
"ENSG00000175229",7.20744286822978
"ENSG00000175262",7.08714863451207
"ENSG00000175264",9.19294329853467
"ENSG00000175265",13.5990731297472
"ENSG00000175267",6.6510495197054
"ENSG00000175274",13.4145548294375
"ENSG00000175279",8.67211113523323
"ENSG00000175283",11.1066184987103
"ENSG00000175287",11.6052458300923
"ENSG00000175294",4.14854917917621
"ENSG00000175305",9.10274548956309
"ENSG00000175309",13.3243066259207
"ENSG00000175322",9.10274548956309
"ENSG00000175324",12.8843872273367
"ENSG00000175334",13.7978053566935
"ENSG00000175348",13.9391691909456
"ENSG00000175352",8.83037321914996
"ENSG00000175354",12.146669445958
"ENSG00000175356",7.84898889731731
"ENSG00000175376",11.7410062164443
"ENSG00000175387",13.4485203264048
"ENSG00000175390",14.2033795717344
"ENSG00000175395",12.8127001311688
"ENSG00000175414",12.3465848873755
"ENSG00000175416",14.0194275875815
"ENSG00000175426",8.54086660195497
"ENSG00000175445",18.5465579781651
"ENSG00000175449",9.61886911395625
"ENSG00000175455",13.175533620275
"ENSG00000175463",6.26402639659615
"ENSG00000175467",12.120092733127
"ENSG00000175470",12.7297497611012
"ENSG00000175471",11.4492830517945
"ENSG00000175482",9.94729097092911
"ENSG00000175489",9.68252775117857
"ENSG00000175505",9.5061011837943
"ENSG00000175518",6.6510495197054
"ENSG00000175536",7.31847418061853
"ENSG00000175538",10.2430667779605
"ENSG00000175544",6.95590410123382
"ENSG00000175548",9.98143919334096
"ENSG00000175550",12.6864146732627
"ENSG00000175556",10.0634325655383
"ENSG00000175564",9.22179816120685
"ENSG00000175567",11.9877529672732
"ENSG00000175573",12.459919082365
"ENSG00000175575",11.7657105022855
"ENSG00000175581",12.4659617929411
"ENSG00000175582",14.9636655810771
"ENSG00000175591",10.3773678696721
"ENSG00000175592",10.1856384979114
"ENSG00000175595",11.3151307375442
"ENSG00000175600",10.1410155064908
"ENSG00000175602",9.83971108372929
"ENSG00000175606",12.2898048377873
"ENSG00000175611",10.0147977902874
"ENSG00000175634",11.7948078591662
"ENSG00000175643",6.26402639659615
"ENSG00000175662",15.2117195241077
"ENSG00000175691",9.68252775117857
"ENSG00000175697",4.88551477334242
"ENSG00000175699",6.02301829709235
"ENSG00000175701",11.9623303703932
"ENSG00000175711",9.68252775117857
"ENSG00000175727",13.1681399075341
"ENSG00000175730",7.08714863451207
"ENSG00000175741",8.93862610980198
"ENSG00000175745",8.05543977478473
"ENSG00000175749",6.02301829709235
"ENSG00000175756",13.0861682097099
"ENSG00000175764",9.57481393387831
"ENSG00000175768",9.00653017430379
"ENSG00000175772",6.6510495197054
"ENSG00000175773",4.14854917917621
"ENSG00000175782",10.6242826101426
"ENSG00000175785",10.1410155064908
"ENSG00000175787",9.458404441763
"ENSG00000175792",12.2657593638206
"ENSG00000175806",11.5437262560942
"ENSG00000175820",8.34494639197972
"ENSG00000175826",12.8707874875959
"ENSG00000175832",7.42156767358263
"ENSG00000175854",11.4794660572908
"ENSG00000175857",7.69286969540002
"ENSG00000175866",10.8719257085945
"ENSG00000175868",4.14854917917621
"ENSG00000175873",8.86736742663216
"ENSG00000175874",4.14854917917621
"ENSG00000175879",7.42156767358263
"ENSG00000175886",9.33177100323199
"ENSG00000175893",13.409860589805
"ENSG00000175894",8.3964766926198
"ENSG00000175895",11.8466750314791
"ENSG00000175898",10.4523299273533
"ENSG00000175899",18.2569375056793
"ENSG00000175906",9.98143919334096
"ENSG00000175911",4.88551477334242
"ENSG00000175920",11.3996370335131
"ENSG00000175928",6.47047727406358
"ENSG00000175931",12.6760261852366
"ENSG00000175938",9.55227136522722
"ENSG00000175946",10.6025056677474
"ENSG00000175967",8.34494639197972
"ENSG00000175970",12.6390658279431
"ENSG00000175984",11.225364776227
"ENSG00000175985",5.37094160051266
"ENSG00000176014",14.219564540942
"ENSG00000176018",13.1075851285896
"ENSG00000176022",10.9687281415914
"ENSG00000176024",9.78275519891722
"ENSG00000176046",12.6603018329436
"ENSG00000176049",6.02301829709235
"ENSG00000176054",7.08714863451207
"ENSG00000176055",9.91231483268614
"ENSG00000176058",9.78275519891722
"ENSG00000176076",4.88551477334242
"ENSG00000176087",13.7845695295368
"ENSG00000176095",12.2518369875882
"ENSG00000176101",11.9793284467451
"ENSG00000176102",11.4734797622251
"ENSG00000176105",13.2474585470777
"ENSG00000176108",11.2038316146774
"ENSG00000176115",9.38376564087025
"ENSG00000176124",10.5465802531494
"ENSG00000176125",7.31847418061853
"ENSG00000176142",12.1353393219586
"ENSG00000176148",11.3547495670101
"ENSG00000176155",11.2674902518997
"ENSG00000176170",9.70313803085385
"ENSG00000176171",14.6205630146333
"ENSG00000176182",9.5061011837943
"ENSG00000176194",9.03932010942146
"ENSG00000176204",6.6510495197054
"ENSG00000176208",8.34494639197972
"ENSG00000176209",13.1037147170372
"ENSG00000176222",11.4370307909704
"ENSG00000176225",11.8420361366755
"ENSG00000176236",4.88551477334242
"ENSG00000176248",11.7948078591662
"ENSG00000176261",12.0209675575276
"ENSG00000176268",5.73351167989737
"ENSG00000176273",10.1258291026761
"ENSG00000176274",9.98143919334096
"ENSG00000176293",11.0271110517262
"ENSG00000176340",14.8242122345233
"ENSG00000176343",6.26402639659615
"ENSG00000176358",2.56358667845506
"ENSG00000176371",9.5061011837943
"ENSG00000176386",11.0832229312983
"ENSG00000176387",4.88551477334242
"ENSG00000176390",11.21104510491
"ENSG00000176393",12.1983977286268
"ENSG00000176396",11.0674124164508
"ENSG00000176399",7.84898889731731
"ENSG00000176401",9.38376564087025
"ENSG00000176402",6.02301829709235
"ENSG00000176407",13.4682213001232
"ENSG00000176410",11.3612482043088
"ENSG00000176422",12.2020225924455
"ENSG00000176428",7.60798079781351
"ENSG00000176435",13.6263074456201
"ENSG00000176438",9.458404441763
"ENSG00000176444",12.4324092332301
"ENSG00000176454",12.4477571975635
"ENSG00000176463",13.374961371965
"ENSG00000176472",7.20744286822978
"ENSG00000176473",9.72345801523345
"ENSG00000176476",10.2002112989987
"ENSG00000176485",14.1970360531685
"ENSG00000176490",14.2825475904393
"ENSG00000176531",8.34494639197972
"ENSG00000176532",4.14854917917621
"ENSG00000176533",12.9266263087116
"ENSG00000176542",12.9375393338253
"ENSG00000176563",6.95590410123382
"ENSG00000176593",10.6668744868671
"ENSG00000176595",10.0792865167391
"ENSG00000176597",10.6242826101426
"ENSG00000176619",11.225364776227
"ENSG00000176623",14.2816913915768
"ENSG00000176624",11.9451296296396
"ENSG00000176641",12.8685083480367
"ENSG00000176658",12.4629436013782
"ENSG00000176659",6.6510495197054
"ENSG00000176678",8.1181755301327
"ENSG00000176681",4.88551477334242
"ENSG00000176692",6.81151419189864
"ENSG00000176697",13.7126986691619
"ENSG00000176700",11.5264826837923
"ENSG00000176714",10.1560437157231
"ENSG00000176715",11.6269817597436
"ENSG00000176716",4.14854917917621
"ENSG00000176720",10.7681578227043
"ENSG00000176723",7.08714863451207
"ENSG00000176731",12.99089952259
"ENSG00000176732",6.26402639659615
"ENSG00000176749",8.23601202042655
"ENSG00000176753",7.20744286822978
"ENSG00000176771",10.0634325655383
"ENSG00000176783",12.3301155870539
"ENSG00000176788",8.93862610980198
"ENSG00000176809",8.97297761459276
"ENSG00000176826",10.0792865167391
"ENSG00000176834",11.3996370335131
"ENSG00000176842",11.9056613464542
"ENSG00000176845",11.8967420287657
"ENSG00000176853",13.0564412986298
"ENSG00000176857",8.23601202042655
"ENSG00000176868",4.88551477334242
"ENSG00000176871",14.1860961331384
"ENSG00000176887",5.73351167989737
"ENSG00000176890",8.05543977478473
"ENSG00000176894",10.6668744868671
"ENSG00000176896",9.55227136522722
"ENSG00000176903",12.4231214648377
"ENSG00000176907",13.9128679072725
"ENSG00000176909",8.54086660195497
"ENSG00000176915",13.3555634993537
"ENSG00000176919",7.20744286822978
"ENSG00000176927",5.37094160051266
"ENSG00000176928",7.51778298884193
"ENSG00000176945",10.3251379108995
"ENSG00000176946",12.9740380299591
"ENSG00000176953",13.4515688115135
"ENSG00000176971",12.3134561058519
"ENSG00000176973",8.79240536895094
"ENSG00000176974",11.509030514833
"ENSG00000176978",13.1172159723714
"ENSG00000176986",14.0122192461856
"ENSG00000176994",10.402790466552
"ENSG00000176998",8.86736742663216
"ENSG00000177000",13.472729725795
"ENSG00000177025",8.23601202042655
"ENSG00000177030",11.4794660572908
"ENSG00000177034",11.5831774068129
"ENSG00000177042",10.402790466552
"ENSG00000177045",9.89450355656967
"ENSG00000177051",10.0147977902874
"ENSG00000177054",11.8420361366755
"ENSG00000177058",11.1066184987103
"ENSG00000177076",10.9772146074792
"ENSG00000177082",11.9537556346552
"ENSG00000177084",12.0773142744075
"ENSG00000177096",10.5002246174576
"ENSG00000177098",12.5075665927988
"ENSG00000177103",7.69286969540002
"ENSG00000177105",11.5322534716503
"ENSG00000177106",6.6510495197054
"ENSG00000177112",5.37094160051266
"ENSG00000177119",14.4580255330173
"ENSG00000177125",10.8443574485857
"ENSG00000177133",9.92990889270087
"ENSG00000177144",10.0474024557193
"ENSG00000177150",13.0096360851716
"ENSG00000177156",13.6383971396155
"ENSG00000177169",12.3433060335985
"ENSG00000177173",7.31847418061853
"ENSG00000177181",11.5664016940621
"ENSG00000177182",4.14854917917621
"ENSG00000177189",13.9315473880966
"ENSG00000177191",8.58595449148351
"ENSG00000177192",10.1709169922047
"ENSG00000177197",7.31847418061853
"ENSG00000177200",14.0060118717867
"ENSG00000177225",12.180135522234
"ENSG00000177236",7.42156767358263
"ENSG00000177238",5.37094160051266
"ENSG00000177239",12.5221393938861
"ENSG00000177272",5.37094160051266
"ENSG00000177283",10.5235886105231
"ENSG00000177294",4.88551477334242
"ENSG00000177301",8.34494639197972
"ENSG00000177302",11.3084205159546
"ENSG00000177303",12.5845666173593
"ENSG00000177311",14.5086646735629
"ENSG00000177335",5.73351167989737
"ENSG00000177337",11.2812631015215
"ENSG00000177352",11.0189138987596
"ENSG00000177354",13.3620584795567
"ENSG00000177359",5.73351167989737
"ENSG00000177363",8.58595449148351
"ENSG00000177370",12.2128428559724
"ENSG00000177374",10.0634325655383
"ENSG00000177380",8.79240536895094
"ENSG00000177383",12.1277361684408
"ENSG00000177406",10.9940392301206
"ENSG00000177409",12.1429026160351
"ENSG00000177410",12.0372924280745
"ENSG00000177425",12.4629436013782
"ENSG00000177426",11.3996370335131
"ENSG00000177427",11.9320931399627
"ENSG00000177432",12.205638371383
"ENSG00000177453",5.73351167989737
"ENSG00000177459",10.6668744868671
"ENSG00000177463",11.3084205159546
"ENSG00000177464",11.9919468511593
"ENSG00000177465",8.34494639197972
"ENSG00000177469",15.8208271795716
"ENSG00000177479",15.4124051987723
"ENSG00000177483",8.29150713301826
"ENSG00000177485",11.3016789380755
"ENSG00000177508",13.4935847410641
"ENSG00000177542",9.16349952064219
"ENSG00000177548",10.6242826101426
"ENSG00000177556",12.0250661257412
"ENSG00000177565",14.2661922805653
"ENSG00000177570",10.6457357198089
"ENSG00000177575",16.5656105259365
"ENSG00000177576",7.31847418061853
"ENSG00000177595",9.40907672939943
"ENSG00000177599",9.43395139803846
"ENSG00000177600",14.9092691266418
"ENSG00000177602",4.14854917917621
"ENSG00000177606",14.014282450028
"ENSG00000177613",12.8911393225363
"ENSG00000177614",9.61886911395625
"ENSG00000177627",4.14854917917621
"ENSG00000177628",11.9012085804476
"ENSG00000177640",7.98985143315716
"ENSG00000177646",13.0664184825218
"ENSG00000177663",12.1838065039625
"ENSG00000177666",13.9424233916657
"ENSG00000177674",11.1746114757624
"ENSG00000177675",9.33177100323199
"ENSG00000177679",10.8809992922199
"ENSG00000177683",11.7608033715651
"ENSG00000177685",9.35800254480516
"ENSG00000177692",9.52937096311715
"ENSG00000177694",9.00653017430379
"ENSG00000177697",14.8289087026899
"ENSG00000177700",13.171841500433
"ENSG00000177706",11.7851737997199
"ENSG00000177707",11.3482215240126
"ENSG00000177721",8.49432401601794
"ENSG00000177728",12.6915809994315
"ENSG00000177731",14.5290102442652
"ENSG00000177732",9.70313803085385
"ENSG00000177733",14.1658215797961
"ENSG00000177738",8.75341123733508
"ENSG00000177752",6.47047727406358
"ENSG00000177788",7.20744286822978
"ENSG00000177791",7.60798079781351
"ENSG00000177830",12.4354919161142
"ENSG00000177839",7.31847418061853
"ENSG00000177842",9.83971108372929
"ENSG00000177853",13.0822398341284
"ENSG00000177854",9.458404441763
"ENSG00000177855",8.34494639197972
"ENSG00000177868",11.218222706983
"ENSG00000177873",10.214638369634
"ENSG00000177875",8.83037321914996
"ENSG00000177879",13.1920322185922
"ENSG00000177885",13.4347218626981
"ENSG00000177888",12.0332284956946
"ENSG00000177889",14.2320285065081
"ENSG00000177917",10.6242826101426
"ENSG00000177932",11.2038316146774
"ENSG00000177943",10.8900161655774
"ENSG00000177946",10.4153357198711
"ENSG00000177951",12.2622913452254
"ENSG00000177954",15.589591321434
"ENSG00000177963",13.315967325008
"ENSG00000177971",12.5451539603581
"ENSG00000177981",13.6290028131316
"ENSG00000177984",2.56358667845506
"ENSG00000177989",9.19294329853467
"ENSG00000177990",14.2159835399327
"ENSG00000177993",5.37094160051266
"ENSG00000177994",2.56358667845506
"ENSG00000178015",4.14854917917621
"ENSG00000178021",2.56358667845506
"ENSG00000178026",9.10274548956309
"ENSG00000178028",12.7272363544709
"ENSG00000178031",8.71333379795974
"ENSG00000178033",12.073361682782
"ENSG00000178035",13.5529811782998
"ENSG00000178038",13.1017756105075
"ENSG00000178053",14.6983338471241
"ENSG00000178055",11.0753393322224
"ENSG00000178057",13.1773761429276
"ENSG00000178074",11.8138850963614
"ENSG00000178075",9.43395139803846
"ENSG00000178078",8.54086660195497
"ENSG00000178093",6.47047727406358
"ENSG00000178096",10.0949681389714
"ENSG00000178104",18.7955390734071
"ENSG00000178105",11.509030514833
"ENSG00000178125",5.37094160051266
"ENSG00000178127",7.42156767358263
"ENSG00000178146",6.81151419189864
"ENSG00000178149",10.7779057992558
"ENSG00000178150",7.60798079781351
"ENSG00000178162",9.80199141778014
"ENSG00000178163",12.3821688559359
"ENSG00000178175",10.8900161655774
"ENSG00000178177",10.6025056677474
"ENSG00000178184",9.5061011837943
"ENSG00000178187",8.29150713301826
"ENSG00000178188",12.9112080470232
"ENSG00000178199",8.1181755301327
"ENSG00000178201",6.95590410123382
"ENSG00000178202",12.6708037540464
"ENSG00000178209",14.7969067611859
"ENSG00000178222",6.95590410123382
"ENSG00000178226",7.31847418061853
"ENSG00000178229",9.458404441763
"ENSG00000178233",4.14854917917621
"ENSG00000178234",13.0240425747647
"ENSG00000178252",14.3004113775539
"ENSG00000178295",11.3805703017104
"ENSG00000178301",6.81151419189864
"ENSG00000178307",11.8186152482738
"ENSG00000178338",11.0189138987596
"ENSG00000178343",11.0271110517262
"ENSG00000178381",10.1258291026761
"ENSG00000178385",10.4644534864358
"ENSG00000178386",7.92113868307314
"ENSG00000178397",12.2588149699508
"ENSG00000178401",2.56358667845506
"ENSG00000178409",9.33177100323199
"ENSG00000178425",13.1229637689817
"ENSG00000178429",9.458404441763
"ENSG00000178440",8.62967586891283
"ENSG00000178449",13.8144772141784
"ENSG00000178458",10.1709169922047
"ENSG00000178460",8.97297761459276
"ENSG00000178462",6.02301829709235
"ENSG00000178464",12.1124085869138
"ENSG00000178467",12.4293199493068
"ENSG00000178498",13.0137669256198
"ENSG00000178502",9.458404441763
"ENSG00000178537",14.2575091665361
"ENSG00000178538",11.4794660572908
"ENSG00000178562",9.94729097092911
"ENSG00000178567",14.8510104901386
"ENSG00000178568",10.9772146074792
"ENSG00000178573",12.3661030435763
"ENSG00000178585",13.0743508463729
"ENSG00000178607",11.725978007212
"ENSG00000178623",7.31847418061853
"ENSG00000178631",4.88551477334242
"ENSG00000178636",6.02301829709235
"ENSG00000178660",7.51778298884193
"ENSG00000178662",10.0311922285381
"ENSG00000178665",8.97297761459276
"ENSG00000178685",10.2846858671622
"ENSG00000178691",12.8079505135756
"ENSG00000178694",11.0352618928471
"ENSG00000178695",14.9663323009507
"ENSG00000178700",10.7284936051307
"ENSG00000178715",7.20744286822978
"ENSG00000178718",9.76325902329142
"ENSG00000178719",13.2315852141276
"ENSG00000178722",4.88551477334242
"ENSG00000178726",14.05694179995
"ENSG00000178741",15.7182465885881
"ENSG00000178750",6.6510495197054
"ENSG00000178752",4.88551477334242
"ENSG00000178761",14.6158150718025
"ENSG00000178764",12.3267990452695
"ENSG00000178772",5.37094160051266
"ENSG00000178776",8.67211113523323
"ENSG00000178789",6.02301829709235
"ENSG00000178796",5.73351167989737
"ENSG00000178802",13.0664184825218
"ENSG00000178803",5.37094160051266
"ENSG00000178809",4.14854917917621
"ENSG00000178814",12.4075077297441
"ENSG00000178821",6.02301829709235
"ENSG00000178826",10.2709458105359
"ENSG00000178852",8.05543977478473
"ENSG00000178860",8.90343668133968
"ENSG00000178878",16.0475283837987
"ENSG00000178882",4.14854917917621
"ENSG00000178896",9.64040227550589
"ENSG00000178904",12.120092733127
"ENSG00000178913",14.9175605002732
"ENSG00000178917",8.49432401601794
"ENSG00000178921",11.2949057094801
"ENSG00000178922",11.1672130234412
"ENSG00000178927",11.9056613464542
"ENSG00000178935",10.3644865783754
"ENSG00000178947",8.83037321914996
"ENSG00000178950",12.4354919161142
"ENSG00000178951",11.4431699280678
"ENSG00000178952",14.9247080131898
"ENSG00000178966",9.458404441763
"ENSG00000178971",12.3067380725676
"ENSG00000178974",12.824506212118
"ENSG00000178977",7.98985143315716
"ENSG00000178980",15.5066508866171
"ENSG00000178982",15.4402954600102
"ENSG00000178988",13.8770366194181
"ENSG00000178996",12.5480051372562
"ENSG00000178999",6.26402639659615
"ENSG00000179010",15.7925556418578
"ENSG00000179021",11.7509387516556
"ENSG00000179029",9.72345801523345
"ENSG00000179041",10.8536055253877
"ENSG00000179044",9.64040227550589
"ENSG00000179051",12.2092451108638
"ENSG00000179057",7.92113868307314
"ENSG00000179071",7.51778298884193
"ENSG00000179082",8.29150713301826
"ENSG00000179083",7.51778298884193
"ENSG00000179085",9.59700967999251
"ENSG00000179091",15.5059179029656
"ENSG00000179094",14.5476490481415
"ENSG00000179097",6.26402639659615
"ENSG00000179101",6.47047727406358
"ENSG00000179104",11.6215784012142
"ENSG00000179111",4.88551477334242
"ENSG00000179115",12.1653574668628
"ENSG00000179119",12.4043646020501
"ENSG00000179133",7.92113868307314
"ENSG00000179134",13.1699918911528
"ENSG00000179136",6.6510495197054
"ENSG00000179144",12.1690661965167
"ENSG00000179151",12.0086015243235
"ENSG00000179152",12.9067723939029
"ENSG00000179163",12.4200122070806
"ENSG00000179165",4.88551477334242
"ENSG00000179172",6.81151419189864
"ENSG00000179178",4.14854917917621
"ENSG00000179195",14.8347578695948
"ENSG00000179218",16.0343726342194
"ENSG00000179222",13.9766856633703
"ENSG00000179240",8.75341123733508
"ENSG00000179241",10.402790466552
"ENSG00000179256",6.81151419189864
"ENSG00000179262",14.0479061020993
"ENSG00000179270",6.95590410123382
"ENSG00000179271",11.9277213334631
"ENSG00000179277",9.3050536648562
"ENSG00000179284",8.90343668133968
"ENSG00000179294",7.08714863451207
"ENSG00000179295",15.6644132493508
"ENSG00000179296",8.75341123733508
"ENSG00000179299",6.26402639659615
"ENSG00000179300",7.31847418061853
"ENSG00000179304",8.34494639197972
"ENSG00000179314",10.8350497063594
"ENSG00000179331",6.02301829709235
"ENSG00000179335",12.4659617929411
"ENSG00000179344",12.5983856410323
"ENSG00000179348",12.4385680261088
"ENSG00000179361",9.3050536648562
"ENSG00000179364",12.8385471505957
"ENSG00000179387",12.3367258851747
"ENSG00000179388",12.4447006391302
"ENSG00000179397",6.6510495197054
"ENSG00000179399",7.51778298884193
"ENSG00000179403",10.7972063552148
"ENSG00000179406",9.40907672939943
"ENSG00000179409",11.3547495670101
"ENSG00000179431",8.79240536895094
"ENSG00000179454",11.3284582691911
"ENSG00000179456",12.3531203234254
"ENSG00000179476",10.1104811383427
"ENSG00000179523",10.6773288445042
"ENSG00000179526",11.6851201957951
"ENSG00000179528",5.37094160051266
"ENSG00000179532",10.9167335039531
"ENSG00000179542",8.4462297278169
"ENSG00000179562",11.1296407166261
"ENSG00000179564",11.9961285788433
"ENSG00000179583",11.0433669424842
"ENSG00000179588",7.69286969540002
"ENSG00000179593",9.5061011837943
"ENSG00000179598",8.58595449148351
"ENSG00000179603",7.20744286822978
"ENSG00000179604",13.5126838341843
"ENSG00000179611",7.31847418061853
"ENSG00000179627",10.2570736359544
"ENSG00000179630",12.0250661257412
"ENSG00000179632",14.1915764627708
"ENSG00000179636",6.26402639659615
"ENSG00000179639",6.6510495197054
"ENSG00000179698",8.05543977478473
"ENSG00000179715",8.4462297278169
"ENSG00000179743",9.22179816120685
"ENSG00000179750",6.26402639659615
"ENSG00000179761",5.37094160051266
"ENSG00000179766",7.60798079781351
"ENSG00000179772",8.1181755301327
"ENSG00000179774",5.37094160051266
"ENSG00000179776",14.7836626494394
"ENSG00000179796",4.88551477334242
"ENSG00000179813",6.6510495197054
"ENSG00000179818",11.2465812621367
"ENSG00000179820",14.8475431661202
"ENSG00000179832",10.5351302324058
"ENSG00000179833",12.2448250902329
"ENSG00000179837",12.6147956193698
"ENSG00000179841",7.42156767358263
"ENSG00000179855",8.75341123733508
"ENSG00000179859",8.54086660195497
"ENSG00000179862",9.68252775117857
"ENSG00000179886",7.98985143315716
"ENSG00000179889",14.2995657180685
"ENSG00000179899",9.22179816120685
"ENSG00000179909",11.7459810318596
"ENSG00000179912",12.4200122070806
"ENSG00000179914",7.20744286822978
"ENSG00000179915",10.402790466552
"ENSG00000179918",13.3781691443613
"ENSG00000179921",8.54086660195497
"ENSG00000179922",10.8443574485857
"ENSG00000179933",12.8150690890753
"ENSG00000179941",11.7459810318596
"ENSG00000179943",11.1143334638383
"ENSG00000179950",13.4652078368012
"ENSG00000179954",9.59700967999251
"ENSG00000179958",11.9056613464542
"ENSG00000179965",9.27783219612118
"ENSG00000179967",8.79240536895094
"ENSG00000179978",8.05543977478473
"ENSG00000179979",10.4523299273533
"ENSG00000179981",11.9793284467451
"ENSG00000179988",10.2430667779605
"ENSG00000180008",12.5536906423126
"ENSG00000180011",13.7942076115849
"ENSG00000180015",7.31847418061853
"ENSG00000180035",10.1856384979114
"ENSG00000180044",6.26402639659615
"ENSG00000180061",6.47047727406358
"ENSG00000180071",9.19294329853467
"ENSG00000180081",2.56358667845506
"ENSG00000180089",8.49432401601794
"ENSG00000180096",6.02301829709235
"ENSG00000180098",11.9364517385676
"ENSG00000180104",12.6629344888583
"ENSG00000180113",8.97297761459276
"ENSG00000180139",6.47047727406358
"ENSG00000180155",14.4304792061317
"ENSG00000180172",6.6510495197054
"ENSG00000180182",12.9548302678825
"ENSG00000180185",12.2692190658165
"ENSG00000180190",10.6134352279056
"ENSG00000180198",10.390135165746
"ENSG00000180210",4.88551477334242
"ENSG00000180211",10.4153357198711
"ENSG00000180228",13.2991427023666
"ENSG00000180229",11.2605542046893
"ENSG00000180233",10.9429650455263
"ENSG00000180245",4.88551477334242
"ENSG00000180257",9.52937096311715
"ENSG00000180263",11.4553703816734
"ENSG00000180287",6.95590410123382
"ENSG00000180304",14.1759944715937
"ENSG00000180329",12.4568882093156
"ENSG00000180336",6.02301829709235
"ENSG00000180340",6.47047727406358
"ENSG00000180346",8.79240536895094
"ENSG00000180353",13.4591619608357
"ENSG00000180354",13.3391969592146
"ENSG00000180357",12.6337076229319
"ENSG00000180370",14.6313571359029
"ENSG00000180376",12.0574421276959
"ENSG00000180383",6.02301829709235
"ENSG00000180385",6.26402639659615
"ENSG00000180389",8.90343668133968
"ENSG00000180398",14.8869229677352
"ENSG00000180422",7.08714863451207
"ENSG00000180423",9.16349952064219
"ENSG00000180425",10.0147977902874
"ENSG00000180440",8.1181755301327
"ENSG00000180447",11.6799306396925
"ENSG00000180448",9.25008720563828
"ENSG00000180458",8.4462297278169
"ENSG00000180479",10.0311922285381
"ENSG00000180481",9.22179816120685
"ENSG00000180488",12.2553301976263
"ENSG00000180509",10.7779057992558
"ENSG00000180525",9.94729097092911
"ENSG00000180530",12.8292017249395
"ENSG00000180532",4.88551477334242
"ENSG00000180539",6.47047727406358
"ENSG00000180543",12.8639392387833
"ENSG00000180549",4.14854917917621
"ENSG00000180573",11.1672130234412
"ENSG00000180574",7.92113868307314
"ENSG00000180581",10.6242826101426
"ENSG00000180592",7.69286969540002
"ENSG00000180596",5.73351167989737
"ENSG00000180611",10.8536055253877
"ENSG00000180616",9.3050536648562
"ENSG00000180626",10.8809992922199
"ENSG00000180628",14.8040799023319
"ENSG00000180644",7.08714863451207
"ENSG00000180660",7.08714863451207
"ENSG00000180667",11.2535846498745
"ENSG00000180672",8.4462297278169
"ENSG00000180694",11.9320931399627
"ENSG00000180712",5.73351167989737
"ENSG00000180730",5.73351167989737
"ENSG00000180739",2.56358667845506
"ENSG00000180747",9.35800254480516
"ENSG00000180758",12.2092451108638
"ENSG00000180764",9.55227136522722
"ENSG00000180769",10.4153357198711
"ENSG00000180771",11.6052458300923
"ENSG00000180772",6.6510495197054
"ENSG00000180773",11.9012085804476
"ENSG00000180776",10.9772146074792
"ENSG00000180785",10.8900161655774
"ENSG00000180787",11.7803325366504
"ENSG00000180801",9.25008720563828
"ENSG00000180815",4.88551477334242
"ENSG00000180817",14.319725976828
"ENSG00000180822",10.1856384979114
"ENSG00000180828",6.47047727406358
"ENSG00000180834",8.17829652257027
"ENSG00000180855",8.93862610980198
"ENSG00000180867",10.1856384979114
"ENSG00000180871",4.14854917917621
"ENSG00000180879",13.1305920487021
"ENSG00000180881",11.3677176996384
"ENSG00000180884",9.80199141778014
"ENSG00000180891",12.3757639839695
"ENSG00000180900",11.0988620550759
"ENSG00000180901",12.6283294432053
"ENSG00000180902",11.0106699046647
"ENSG00000180914",6.81151419189864
"ENSG00000180917",11.6483950662594
"ENSG00000180921",7.20744286822978
"ENSG00000180929",5.37094160051266
"ENSG00000180938",9.10274548956309
"ENSG00000180953",8.58595449148351
"ENSG00000180957",11.3933094135411
"ENSG00000180964",13.7316319466791
"ENSG00000180979",11.6215784012142
"ENSG00000180992",12.3367258851747
"ENSG00000180998",9.99821490609178
"ENSG00000180999",8.1181755301327
"ENSG00000181004",9.57481393387831
"ENSG00000181007",10.3383737380562
"ENSG00000181016",9.3050536648562
"ENSG00000181019",12.99089952259
"ENSG00000181026",11.0352618928471
"ENSG00000181027",11.8280292786817
"ENSG00000181031",10.7583435328773
"ENSG00000181035",11.7657105022855
"ENSG00000181036",4.88551477334242
"ENSG00000181038",11.1672130234412
"ENSG00000181039",8.23601202042655
"ENSG00000181045",9.98143919334096
"ENSG00000181061",16.2411962201196
"ENSG00000181072",13.851876020636
"ENSG00000181074",4.88551477334242
"ENSG00000181085",4.88551477334242
"ENSG00000181090",12.1874681684685
"ENSG00000181092",13.9380828241466
"ENSG00000181097",6.02301829709235
"ENSG00000181104",12.4508072939234
"ENSG00000181126",5.73351167989737
"ENSG00000181135",9.94729097092911
"ENSG00000181163",15.9052444829673
"ENSG00000181191",11.6107105905691
"ENSG00000181192",13.0054933829973
"ENSG00000181195",6.02301829709235
"ENSG00000181218",8.58595449148351
"ENSG00000181220",11.225364776227
"ENSG00000181222",14.2311417854962
"ENSG00000181227",9.22179816120685
"ENSG00000181234",10.5002246174576
"ENSG00000181240",5.37094160051266
"ENSG00000181264",13.9391691909456
"ENSG00000181274",8.67211113523323
"ENSG00000181284",7.42156767358263
"ENSG00000181315",9.33177100323199
"ENSG00000181350",8.67211113523323
"ENSG00000181359",7.42156767358263
"ENSG00000181374",8.58595449148351
"ENSG00000181381",12.1391259252896
"ENSG00000181392",5.37094160051266
"ENSG00000181396",11.6954436390638
"ENSG00000181404",10.0792865167391
"ENSG00000181409",9.35800254480516
"ENSG00000181418",8.05543977478473
"ENSG00000181444",8.29150713301826
"ENSG00000181449",7.84898889731731
"ENSG00000181450",10.5914926750249
"ENSG00000181458",10.7082449212869
"ENSG00000181467",10.6457357198089
"ENSG00000181472",11.3612482043088
"ENSG00000181481",10.6668744868671
"ENSG00000181513",10.3117795280445
"ENSG00000181523",11.0674124164508
"ENSG00000181524",11.3218098931818
"ENSG00000181544",6.95590410123382
"ENSG00000181555",13.4831949170583
"ENSG00000181585",4.88551477334242
"ENSG00000181588",9.00653017430379
"ENSG00000181610",13.9183870228057
"ENSG00000181619",9.68252775117857
"ENSG00000181631",7.98985143315716
"ENSG00000181634",2.56358667845506
"ENSG00000181638",8.93862610980198
"ENSG00000181649",6.02301829709235
"ENSG00000181652",5.37094160051266
"ENSG00000181656",6.02301829709235
"ENSG00000181666",12.9505269237794
"ENSG00000181690",12.1504264664169
"ENSG00000181704",13.5444402848348
"ENSG00000181722",9.99821490609178
"ENSG00000181741",7.08714863451207
"ENSG00000181744",11.1066184987103
"ENSG00000181751",10.2430667779605
"ENSG00000181754",11.5887262407336
"ENSG00000181773",7.51778298884193
"ENSG00000181781",2.56358667845506
"ENSG00000181788",12.316803427634
"ENSG00000181789",13.8736313581026
"ENSG00000181790",6.02301829709235
"ENSG00000181798",6.47047727406358
"ENSG00000181804",11.2605542046893
"ENSG00000181817",12.3980577284393
"ENSG00000181826",10.1410155064908
"ENSG00000181827",11.9623303703932
"ENSG00000181830",11.2395437113968
"ENSG00000181847",6.02301829709235
"ENSG00000181852",13.2631591317423
"ENSG00000181856",14.3681210814503
"ENSG00000181873",11.8327133576045
"ENSG00000181885",8.54086660195497
"ENSG00000181894",11.1143334638383
"ENSG00000181896",10.1560437157231
"ENSG00000181904",13.6922254913077
"ENSG00000181915",12.223582570885
"ENSG00000181924",12.7044164492281
"ENSG00000181929",14.5397927686037
"ENSG00000181938",10.6773288445042
"ENSG00000181982",11.5664016940621
"ENSG00000181991",12.5422971375614
"ENSG00000181997",9.48244991572965
"ENSG00000182004",12.4809587579319
"ENSG00000182010",4.88551477334242
"ENSG00000182013",11.0674124164508
"ENSG00000182021",5.73351167989737
"ENSG00000182022",11.6052458300923
"ENSG00000182048",4.88551477334242
"ENSG00000182050",10.0311922285381
"ENSG00000182054",16.4765695473792
"ENSG00000182087",13.7303774291732
"ENSG00000182093",12.6256328161755
"ENSG00000182095",11.7754749730011
"ENSG00000182103",2.56358667845506
"ENSG00000182107",6.02301829709235
"ENSG00000182108",12.8315437628579
"ENSG00000182109",8.90343668133968
"ENSG00000182117",13.8321286787552
"ENSG00000182118",10.1560437157231
"ENSG00000182132",4.88551477334242
"ENSG00000182134",10.3514892378465
"ENSG00000182141",11.1143334638383
"ENSG00000182149",14.5800467834343
"ENSG00000182150",12.1008050789937
"ENSG00000182154",13.3956855244942
"ENSG00000182158",13.1210503800529
"ENSG00000182165",10.4277728231093
"ENSG00000182168",9.92990889270087
"ENSG00000182173",10.3117795280445
"ENSG00000182175",10.402790466552
"ENSG00000182177",11.5206887200173
"ENSG00000182179",11.6323649564405
"ENSG00000182180",14.0173717339512
"ENSG00000182185",9.07138131865375
"ENSG00000182195",9.57481393387831
"ENSG00000182196",6.02301829709235
"ENSG00000182197",12.216431651457
"ENSG00000182199",12.4958014304234
"ENSG00000182208",12.3134561058519
"ENSG00000182217",4.88551477334242
"ENSG00000182218",8.58595449148351
"ENSG00000182220",14.0758333212842
"ENSG00000182224",12.7472220599283
"ENSG00000182230",6.26402639659615
"ENSG00000182240",12.4354919161142
"ENSG00000182247",12.4719792992288
"ENSG00000182253",16.7510160810068
"ENSG00000182255",10.476476014685
"ENSG00000182257",7.60798079781351
"ENSG00000182263",12.0332284956946
"ENSG00000182264",8.23601202042655
"ENSG00000182272",6.02301829709235
"ENSG00000182287",15.4178706986313
"ENSG00000182307",12.9867025886022
"ENSG00000182308",6.81151419189864
"ENSG00000182310",9.00653017430379
"ENSG00000182318",8.23601202042655
"ENSG00000182319",10.2709458105359
"ENSG00000182324",5.37094160051266
"ENSG00000182325",9.99821490609178
"ENSG00000182326",15.3895392159788
"ENSG00000182359",11.288100531575
"ENSG00000182362",10.1560437157231
"ENSG00000182368",6.6510495197054
"ENSG00000182372",12.4262240360139
"ENSG00000182379",7.98985143315716
"ENSG00000182383",7.08714863451207
"ENSG00000182389",8.29150713301826
"ENSG00000182397",6.26402639659615
"ENSG00000182400",13.2474585470777
"ENSG00000182405",9.55227136522722
"ENSG00000182446",14.3705390066658
"ENSG00000182463",10.4523299273533
"ENSG00000182472",6.47047727406358
"ENSG00000182473",14.1291648152394
"ENSG00000182481",13.1551090250258
"ENSG00000182487",6.02301829709235
"ENSG00000182492",13.6922254913077
"ENSG00000182500",10.1104811383427
"ENSG00000182504",11.509030514833
"ENSG00000182508",6.02301829709235
"ENSG00000182511",11.9665987020301
"ENSG00000182512",13.6986546242329
"ENSG00000182518",11.2465812621367
"ENSG00000182533",11.5997602910085
"ENSG00000182534",15.6378954198953
"ENSG00000182541",11.8605028853343
"ENSG00000182544",11.4794660572908
"ENSG00000182551",15.1817427262335
"ENSG00000182552",11.6851201957951
"ENSG00000182557",4.14854917917621
"ENSG00000182566",9.13344228678601
"ENSG00000182568",13.9095462748592
"ENSG00000182575",9.72345801523345
"ENSG00000182578",12.7669346814348
"ENSG00000182580",7.20744286822978
"ENSG00000182584",5.37094160051266
"ENSG00000182600",6.26402639659615
"ENSG00000182606",15.3290799865207
"ENSG00000182612",6.02301829709235
"ENSG00000182621",10.7583435328773
"ENSG00000182628",12.5845666173593
"ENSG00000182636",12.3757639839695
"ENSG00000182646",7.98985143315716
"ENSG00000182648",5.73351167989737
"ENSG00000182667",8.29150713301826
"ENSG00000182670",14.5856076481014
"ENSG00000182685",8.58595449148351
"ENSG00000182700",11.3416638079904
"ENSG00000182704",11.7310048242868
"ENSG00000182718",15.7970565659771
"ENSG00000182732",11.4972773334073
"ENSG00000182742",9.10274548956309
"ENSG00000182749",9.48244991572965
"ENSG00000182752",10.9255304521903
"ENSG00000182759",6.26402639659615
"ENSG00000182768",11.7948078591662
"ENSG00000182771",9.16349952064219
"ENSG00000182782",7.42156767358263
"ENSG00000182791",4.14854917917621
"ENSG00000182795",5.73351167989737
"ENSG00000182796",12.6417374861897
"ENSG00000182809",14.9550988011622
"ENSG00000182810",10.7779057992558
"ENSG00000182814",6.02301829709235
"ENSG00000182827",13.2718084084934
"ENSG00000182831",13.1114451845135
"ENSG00000182836",15.5037167149365
"ENSG00000182841",10.4523299273533
"ENSG00000182851",13.0301730161743
"ENSG00000182853",5.73351167989737
"ENSG00000182858",11.4246735844505
"ENSG00000182866",6.47047727406358
"ENSG00000182871",13.7190374097672
"ENSG00000182872",12.6470660057869
"ENSG00000182873",7.69286969540002
"ENSG00000182885",7.31847418061853
"ENSG00000182890",9.38376564087025
"ENSG00000182899",15.5875142556294
"ENSG00000182902",10.4523299273533
"ENSG00000182903",11.7310048242868
"ENSG00000182909",8.1181755301327
"ENSG00000182912",6.95590410123382
"ENSG00000182916",10.6025056677474
"ENSG00000182919",12.850144440063
"ENSG00000182923",12.8385471505957
"ENSG00000182934",14.587687458708
"ENSG00000182944",15.0350078748799
"ENSG00000182950",4.88551477334242
"ENSG00000182952",13.2889529363507
"ENSG00000182957",12.6390658279431
"ENSG00000182963",12.9397120677312
"ENSG00000182973",11.7608033715651
"ENSG00000182979",12.4689736834732
"ENSG00000182983",11.4308654181647
"ENSG00000182985",12.7644852834935
"ENSG00000182986",13.1114451845135
"ENSG00000182993",9.98143919334096
"ENSG00000183010",9.10274548956309
"ENSG00000183011",12.3433060335985
"ENSG00000183018",12.3531203234254
"ENSG00000183019",6.47047727406358
"ENSG00000183020",13.2855402912564
"ENSG00000183022",5.37094160051266
"ENSG00000183023",16.96226357741
"ENSG00000183032",6.02301829709235
"ENSG00000183036",9.19294329853467
"ENSG00000183044",12.822152712345
"ENSG00000183048",7.42156767358263
"ENSG00000183049",10.9687281415914
"ENSG00000183060",12.3917231626492
"ENSG00000183066",6.47047727406358
"ENSG00000183067",10.5579401153139
"ENSG00000183072",12.4477571975635
"ENSG00000183077",12.2342429275735
"ENSG00000183087",14.3632730397863
"ENSG00000183091",9.66161876141559
"ENSG00000183092",6.81151419189864
"ENSG00000183098",8.79240536895094
"ENSG00000183111",12.5508506905276
"ENSG00000183114",6.95590410123382
"ENSG00000183134",8.4462297278169
"ENSG00000183137",11.218222706983
"ENSG00000183150",4.88551477334242
"ENSG00000183153",7.42156767358263
"ENSG00000183154",6.6510495197054
"ENSG00000183155",10.5803949661416
"ENSG00000183160",7.98985143315716
"ENSG00000183161",10.2570736359544
"ENSG00000183171",6.02301829709235
"ENSG00000183172",13.3797703598874
"ENSG00000183186",9.33177100323199
"ENSG00000183196",6.26402639659615
"ENSG00000183199",10.0792865167391
"ENSG00000183207",12.2726704910054
"ENSG00000183208",8.17829652257027
"ENSG00000183230",14.4250613535808
"ENSG00000183242",9.13344228678601
"ENSG00000183250",7.77304004408401
"ENSG00000183255",15.2908690076672
"ENSG00000183258",12.3433060335985
"ENSG00000183281",5.73351167989737
"ENSG00000183283",15.4766630740099
"ENSG00000183287",9.91231483268614
"ENSG00000183291",14.1704545158292
"ENSG00000183298",10.2430667779605
"ENSG00000183307",8.34494639197972
"ENSG00000183308",7.69286969540002
"ENSG00000183309",11.3482215240126
"ENSG00000183317",4.14854917917621
"ENSG00000183323",10.7779057992558
"ENSG00000183324",5.73351167989737
"ENSG00000183337",12.2898048377873
"ENSG00000183340",10.7583435328773
"ENSG00000183354",12.7571120389563
"ENSG00000183379",4.88551477334242
"ENSG00000183386",10.698012998676
"ENSG00000183397",6.02301829709235
"ENSG00000183401",11.0106699046647
"ENSG00000183405",10.9856514446279
"ENSG00000183421",6.47047727406358
"ENSG00000183423",6.02301829709235
"ENSG00000183426",9.82097452114771
"ENSG00000183431",13.2209051280363
"ENSG00000183439",7.08714863451207
"ENSG00000183444",10.1258291026761
"ENSG00000183454",12.0086015243235
"ENSG00000183458",7.31847418061853
"ENSG00000183474",10.3117795280445
"ENSG00000183475",10.9772146074792
"ENSG00000183479",5.37094160051266
"ENSG00000183484",8.79240536895094
"ENSG00000183486",11.2812631015215
"ENSG00000183495",12.8478324282847
"ENSG00000183496",8.54086660195497
"ENSG00000183506",9.85820742734668
"ENSG00000183508",10.4523299273533
"ENSG00000183513",12.8707874875959
"ENSG00000183520",12.5565250146209
"ENSG00000183527",11.4308654181647
"ENSG00000183530",12.4869141638742
"ENSG00000183549",8.67211113523323
"ENSG00000183569",8.86736742663216
"ENSG00000183570",9.35800254480516
"ENSG00000183571",7.20744286822978
"ENSG00000183576",14.4420208280143
"ENSG00000183578",9.91231483268614
"ENSG00000183579",10.9167335039531
"ENSG00000183580",12.9310014297019
"ENSG00000183597",13.7253484217597
"ENSG00000183604",7.69286969540002
"ENSG00000183605",13.0463946351817
"ENSG00000183615",8.62967586891283
"ENSG00000183617",12.4416375911836
"ENSG00000183621",12.1124085869138
"ENSG00000183624",12.9067723939029
"ENSG00000183628",11.2949057094801
"ENSG00000183631",6.6510495197054
"ENSG00000183638",5.37094160051266
"ENSG00000183647",9.38376564087025
"ENSG00000183648",13.8984186065731
"ENSG00000183654",8.79240536895094
"ENSG00000183655",9.64040227550589
"ENSG00000183662",4.88551477334242
"ENSG00000183665",11.2395437113968
"ENSG00000183666",10.1104811383427
"ENSG00000183671",7.69286969540002
"ENSG00000183675",7.77304004408401
"ENSG00000183684",11.4122096188844
"ENSG00000183688",12.3980577284393
"ENSG00000183690",11.6269817597436
"ENSG00000183691",4.88551477334242
"ENSG00000183696",13.0362775176978
"ENSG00000183715",5.37094160051266
"ENSG00000183718",12.0209675575276
"ENSG00000183722",14.1759944715937
"ENSG00000183723",12.4137735161008
"ENSG00000183726",14.0204544168354
"ENSG00000183734",5.37094160051266
"ENSG00000183735",12.4324092332301
"ENSG00000183741",13.1267829506718
"ENSG00000183742",8.1181755301327
"ENSG00000183748",11.9277213334631
"ENSG00000183751",10.9601914596369
"ENSG00000183762",13.988277869968
"ENSG00000183763",6.6510495197054
"ENSG00000183765",8.79240536895094
"ENSG00000183773",7.31847418061853
"ENSG00000183775",4.88551477334242
"ENSG00000183778",6.6510495197054
"ENSG00000183779",9.57481393387831
"ENSG00000183783",6.02301829709235
"ENSG00000183784",4.88551477334242
"ENSG00000183785",7.69286969540002
"ENSG00000183793",9.00653017430379
"ENSG00000183798",9.55227136522722
"ENSG00000183801",10.2289225956402
"ENSG00000183807",10.214638369634
"ENSG00000183808",12.822152712345
"ENSG00000183813",4.88551477334242
"ENSG00000183814",12.5901101209748
"ENSG00000183826",12.0891074875501
"ENSG00000183828",9.98143919334096
"ENSG00000183831",5.73351167989737
"ENSG00000183833",8.54086660195497
"ENSG00000183837",8.29150713301826
"ENSG00000183844",4.88551477334242
"ENSG00000183853",12.6038763994808
"ENSG00000183856",8.23601202042655
"ENSG00000183864",13.0463946351817
"ENSG00000183873",14.9679299700408
"ENSG00000183876",6.02301829709235
"ENSG00000183888",7.42156767358263
"ENSG00000183889",5.37094160051266
"ENSG00000183891",10.5914926750249
"ENSG00000183908",4.88551477334242
"ENSG00000183914",5.73351167989737
"ENSG00000183918",2.56358667845506
"ENSG00000183935",8.05543977478473
"ENSG00000183943",11.804378010617
"ENSG00000183955",11.6215784012142
"ENSG00000183960",5.73351167989737
"ENSG00000183963",14.0549387520185
"ENSG00000183978",13.0137669256198
"ENSG00000183979",4.14854917917621
"ENSG00000184005",11.7158715207616
"ENSG00000184007",15.3332179358393
"ENSG00000184009",16.8532453828358
"ENSG00000184014",15.0155704556852
"ENSG00000184040",7.77304004408401
"ENSG00000184047",9.458404441763
"ENSG00000184056",10.9516039638002
"ENSG00000184058",5.73351167989737
"ENSG00000184060",11.2812631015215
"ENSG00000184068",7.20744286822978
"ENSG00000184076",14.9550988011622
"ENSG00000184083",10.9772146074792
"ENSG00000184100",7.42156767358263
"ENSG00000184110",10.2982962986809
"ENSG00000184113",10.8256815238252
"ENSG00000184117",12.935363322793
"ENSG00000184139",6.26402639659615
"ENSG00000184144",6.6510495197054
"ENSG00000184154",9.52937096311715
"ENSG00000184156",10.2289225956402
"ENSG00000184160",9.10274548956309
"ENSG00000184162",10.2289225956402
"ENSG00000184163",5.37094160051266
"ENSG00000184164",11.5664016940621
"ENSG00000184178",11.3547495670101
"ENSG00000184182",11.7608033715651
"ENSG00000184185",10.9687281415914
"ENSG00000184194",9.87646963373941
"ENSG00000184203",13.7253484217597
"ENSG00000184205",13.5472928711144
"ENSG00000184206",8.23601202042655
"ENSG00000184207",11.8280292786817
"ENSG00000184208",11.14478726038
"ENSG00000184209",12.172765416597
"ENSG00000184216",12.2622913452254
"ENSG00000184220",11.8787362407114
"ENSG00000184226",12.6864146732627
"ENSG00000184227",10.5002246174576
"ENSG00000184232",12.3821688559359
"ENSG00000184254",10.5579401153139
"ENSG00000184271",11.0514267122781
"ENSG00000184277",13.6343784878781
"ENSG00000184281",11.1892955215195
"ENSG00000184292",5.73351167989737
"ENSG00000184293",6.6510495197054
"ENSG00000184304",10.3644865783754
"ENSG00000184305",10.8443574485857
"ENSG00000184307",10.806760661928
"ENSG00000184313",9.80199141778014
"ENSG00000184319",10.7972063552148
"ENSG00000184343",11.9623303703932
"ENSG00000184347",12.362868299977
"ENSG00000184348",7.42156767358263
"ENSG00000184349",12.1764551757461
"ENSG00000184363",5.73351167989737
"ENSG00000184368",6.47047727406358
"ENSG00000184371",12.1838065039625
"ENSG00000184374",8.34494639197972
"ENSG00000184378",7.77304004408401
"ENSG00000184381",11.0271110517262
"ENSG00000184384",11.6694951870262
"ENSG00000184402",12.0127353238305
"ENSG00000184408",4.88551477334242
"ENSG00000184428",9.82097452114771
"ENSG00000184432",14.2842584652806
"ENSG00000184436",10.8162521109053
"ENSG00000184441",8.05543977478473
"ENSG00000184445",10.5803949661416
"ENSG00000184451",6.02301829709235
"ENSG00000184454",6.81151419189864
"ENSG00000184465",11.6694951870262
"ENSG00000184470",11.5664016940621
"ENSG00000184481",12.8362164634314
"ENSG00000184489",15.1179357005185
"ENSG00000184497",8.97297761459276
"ENSG00000184500",15.2767583627699
"ENSG00000184508",11.288100531575
"ENSG00000184515",9.03932010942146
"ENSG00000184517",11.0514267122781
"ENSG00000184524",6.47047727406358
"ENSG00000184544",11.9708544426998
"ENSG00000184545",12.4385680261088
"ENSG00000184557",13.2011172299804
"ENSG00000184564",6.02301829709235
"ENSG00000184574",10.6877079902842
"ENSG00000184575",13.3075795395152
"ENSG00000184584",13.0604404558431
"ENSG00000184588",12.5422971375614
"ENSG00000184601",13.2065409019354
"ENSG00000184602",13.3193088320973
"ENSG00000184608",4.88551477334242
"ENSG00000184612",9.43395139803846
"ENSG00000184613",5.37094160051266
"ENSG00000184619",8.3964766926198
"ENSG00000184634",12.4689736834732
"ENSG00000184635",8.71333379795974
"ENSG00000184640",13.804974042454
"ENSG00000184661",13.8883297889495
"ENSG00000184669",6.95590410123382
"ENSG00000184672",8.4462297278169
"ENSG00000184674",12.5192365859834
"ENSG00000184675",9.70313803085385
"ENSG00000184677",12.6708037540464
"ENSG00000184678",14.0438719993914
"ENSG00000184682",6.47047727406358
"ENSG00000184702",12.9418815343669
"ENSG00000184708",12.205638371383
"ENSG00000184716",4.88551477334242
"ENSG00000184719",11.0106699046647
"ENSG00000184730",8.05543977478473
"ENSG00000184731",10.6668744868671
"ENSG00000184743",13.1324928329571
"ENSG00000184752",14.4489017395044
"ENSG00000184785",11.2465812621367
"ENSG00000184787",14.7256632488294
"ENSG00000184792",10.5351302324058
"ENSG00000184811",10.1410155064908
"ENSG00000184828",8.62967586891283
"ENSG00000184831",12.9266263087116
"ENSG00000184838",10.6877079902842
"ENSG00000184840",13.9649995571692
"ENSG00000184844",7.51778298884193
"ENSG00000184857",11.1597764345995
"ENSG00000184860",7.60798079781351
"ENSG00000184863",13.2700826965162
"ENSG00000184867",12.8978599637622
"ENSG00000184886",10.6773288445042
"ENSG00000184887",12.7044164492281
"ENSG00000184897",12.4629436013782
"ENSG00000184898",9.92990889270087
"ENSG00000184900",14.0204544168354
"ENSG00000184903",11.2038316146774
"ENSG00000184905",7.84898889731731
"ENSG00000184906",5.73351167989737
"ENSG00000184908",9.27783219612118
"ENSG00000184916",11.892261605783
"ENSG00000184922",11.0433669424842
"ENSG00000184923",4.88551477334242
"ENSG00000184924",10.5235886105231
"ENSG00000184925",9.70313803085385
"ENSG00000184937",9.22179816120685
"ENSG00000184939",11.8138850963614
"ENSG00000184949",7.77304004408401
"ENSG00000184967",9.40907672939943
"ENSG00000184979",8.4462297278169
"ENSG00000184983",15.0135090943188
"ENSG00000184985",7.69286969540002
"ENSG00000184986",2.56358667845506
"ENSG00000184988",10.0147977902874
"ENSG00000184990",11.7158715207616
"ENSG00000184992",11.0910636845155
"ENSG00000185000",12.4416375911836
"ENSG00000185008",4.88551477334242
"ENSG00000185009",13.1792163154232
"ENSG00000185010",16.1786415136143
"ENSG00000185015",10.3251379108995
"ENSG00000185019",10.1856384979114
"ENSG00000185020",4.88551477334242
"ENSG00000185022",12.5901101209748
"ENSG00000185024",11.0514267122781
"ENSG00000185028",11.4674685241912
"ENSG00000185033",11.7754749730011
"ENSG00000185043",13.1920322185922
"ENSG00000185044",8.62967586891283
"ENSG00000185046",7.69286969540002
"ENSG00000185049",10.5579401153139
"ENSG00000185052",8.79240536895094
"ENSG00000185056",2.56358667845506
"ENSG00000185065",5.37094160051266
"ENSG00000185070",9.10274548956309
"ENSG00000185085",10.5914926750249
"ENSG00000185088",13.6397342064776
"ENSG00000185090",8.34494639197972
"ENSG00000185100",14.1061349407903
"ENSG00000185101",5.37094160051266
"ENSG00000185104",13.6181909964157
"ENSG00000185105",8.86736742663216
"ENSG00000185112",12.3789699742686
"ENSG00000185115",12.1008050789937
"ENSG00000185122",13.5810910795645
"ENSG00000185127",12.5593538293329
"ENSG00000185128",6.95590410123382
"ENSG00000185129",11.5664016940621
"ENSG00000185133",11.7558794929258
"ENSG00000185158",9.96446611473724
"ENSG00000185163",11.4614321344606
"ENSG00000185164",12.1162557759693
"ENSG00000185168",8.62967586891283
"ENSG00000185186",9.91231483268614
"ENSG00000185187",11.0594417053422
"ENSG00000185189",12.9845995342343
"ENSG00000185201",14.7830577458494
"ENSG00000185215",12.6363892129993
"ENSG00000185219",12.2932074220081
"ENSG00000185220",9.87646963373941
"ENSG00000185222",13.1699918911528
"ENSG00000185236",13.2527110833683
"ENSG00000185238",11.6536990981193
"ENSG00000185245",4.14854917917621
"ENSG00000185246",12.6417374861897
"ENSG00000185250",8.86736742663216
"ENSG00000185252",9.19294329853467
"ENSG00000185261",8.75341123733508
"ENSG00000185262",11.1672130234412
"ENSG00000185267",8.83037321914996
"ENSG00000185269",6.81151419189864
"ENSG00000185271",6.26402639659615
"ENSG00000185272",7.60798079781351
"ENSG00000185274",13.1133713464029
"ENSG00000185278",12.4106440245464
"ENSG00000185298",10.5803949661416
"ENSG00000185304",5.73351167989737
"ENSG00000185305",12.3821688559359
"ENSG00000185313",7.42156767358263
"ENSG00000185324",12.2448250902329
"ENSG00000185338",7.51778298884193
"ENSG00000185339",12.7146032173473
"ENSG00000185340",10.9342740852623
"ENSG00000185344",12.194763734159
"ENSG00000185345",12.7863815813232
"ENSG00000185347",7.31847418061853
"ENSG00000185359",12.5163279256415
"ENSG00000185361",10.5235886105231
"ENSG00000185379",9.80199141778014
"ENSG00000185386",11.9919468511593
"ENSG00000185404",10.8162521109053
"ENSG00000185418",13.408292442867
"ENSG00000185420",10.8627946968423
"ENSG00000185432",13.5344115798177
"ENSG00000185436",9.80199141778014
"ENSG00000185437",14.7375760526216
"ENSG00000185442",10.2289225956402
"ENSG00000185453",9.92990889270087
"ENSG00000185475",11.1597764345995
"ENSG00000185477",12.9782719142623
"ENSG00000185480",7.31847418061853
"ENSG00000185482",8.67211113523323
"ENSG00000185483",12.7521755241624
"ENSG00000185485",11.892261605783
"ENSG00000185499",8.17829652257027
"ENSG00000185504",11.0674124164508
"ENSG00000185507",8.71333379795974
"ENSG00000185513",11.2949057094801
"ENSG00000185515",11.7360141871005
"ENSG00000185518",9.38376564087025
"ENSG00000185519",8.3964766926198
"ENSG00000185522",5.37094160051266
"ENSG00000185532",13.2544576877474
"ENSG00000185551",12.7669346814348
"ENSG00000185559",11.1672130234412
"ENSG00000185561",7.08714863451207
"ENSG00000185565",11.9145258600015
"ENSG00000185567",11.3612482043088
"ENSG00000185585",12.9112080470232
"ENSG00000185591",13.5199628357047
"ENSG00000185596",10.6877079902842
"ENSG00000185608",13.1324928329571
"ENSG00000185614",6.02301829709235
"ENSG00000185615",7.20744286822978
"ENSG00000185619",12.8478324282847
"ENSG00000185621",11.6052458300923
"ENSG00000185624",15.5270246768013
"ENSG00000185627",14.05694179995
"ENSG00000185630",13.5024311359212
"ENSG00000185633",12.0002982205923
"ENSG00000185634",9.94729097092911
"ENSG00000185641",11.1143334638383
"ENSG00000185650",13.7845695295368
"ENSG00000185651",13.6701496188999
"ENSG00000185652",8.17829652257027
"ENSG00000185658",14.0049747078017
"ENSG00000185664",7.51778298884193
"ENSG00000185666",5.73351167989737
"ENSG00000185669",7.42156767358263
"ENSG00000185670",9.10274548956309
"ENSG00000185684",10.402790466552
"ENSG00000185686",4.88551477334242
"ENSG00000185697",9.76325902329142
"ENSG00000185716",12.4231214648377
"ENSG00000185721",13.6740699882713
"ENSG00000185722",13.5671045905637
"ENSG00000185728",14.1639642315629
"ENSG00000185730",9.00653017430379
"ENSG00000185737",4.88551477334242
"ENSG00000185739",17.1475508758619
"ENSG00000185745",11.4308654181647
"ENSG00000185753",10.1560437157231
"ENSG00000185761",12.5451539603581
"ENSG00000185774",2.56358667845506
"ENSG00000185787",15.9789323377304
"ENSG00000185798",10.1410155064908
"ENSG00000185800",12.362868299977
"ENSG00000185803",10.1560437157231
"ENSG00000185808",12.3033672882283
"ENSG00000185811",8.90343668133968
"ENSG00000185813",12.7322587965873
"ENSG00000185818",7.92113868307314
"ENSG00000185825",13.8928224201889
"ENSG00000185829",9.10274548956309
"ENSG00000185834",9.55227136522722
"ENSG00000185837",4.14854917917621
"ENSG00000185838",6.02301829709235
"ENSG00000185839",7.20744286822978
"ENSG00000185842",6.6510495197054
"ENSG00000185847",9.00653017430379
"ENSG00000185860",7.98985143315716
"ENSG00000185862",11.0832229312983
"ENSG00000185864",10.1709169922047
"ENSG00000185869",9.70313803085385
"ENSG00000185875",10.1410155064908
"ENSG00000185880",14.1759944715937
"ENSG00000185883",4.88551477334242
"ENSG00000185885",13.3259687171655
"ENSG00000185896",14.3502647123457
"ENSG00000185900",8.3964766926198
"ENSG00000185904",4.14854917917621
"ENSG00000185905",6.95590410123382
"ENSG00000185909",13.2579445656765
"ENSG00000185915",8.93862610980198
"ENSG00000185917",11.6052458300923
"ENSG00000185920",10.898977033149
"ENSG00000185924",7.08714863451207
"ENSG00000185928",8.05543977478473
"ENSG00000185946",13.1114451845135
"ENSG00000185947",10.9687281415914
"ENSG00000185950",13.4067225895664
"ENSG00000185955",2.56358667845506
"ENSG00000185963",13.4051510261856
"ENSG00000185973",11.9961285788433
"ENSG00000185985",8.1181755301327
"ENSG00000185986",11.3612482043088
"ENSG00000185989",11.3416638079904
"ENSG00000185990",6.02301829709235
"ENSG00000186001",13.4176758583256
"ENSG00000186010",7.77304004408401
"ENSG00000186017",10.8256815238252
"ENSG00000186019",8.05543977478473
"ENSG00000186020",12.7595739764836
"ENSG00000186026",8.4462297278169
"ENSG00000186047",6.02301829709235
"ENSG00000186056",7.60798079781351
"ENSG00000186063",12.6337076229319
"ENSG00000186073",15.7239308491398
"ENSG00000186074",6.6510495197054
"ENSG00000186076",9.25008720563828
"ENSG00000186088",11.9919468511593
"ENSG00000186094",7.77304004408401
"ENSG00000186104",11.4308654181647
"ENSG00000186105",7.60798079781351
"ENSG00000186106",12.6283294432053
"ENSG00000186111",12.7791196782007
"ENSG00000186130",11.1819721807137
"ENSG00000186132",10.0474024557193
"ENSG00000186141",11.9012085804476
"ENSG00000186148",4.88551477334242
"ENSG00000186153",10.1709169922047
"ENSG00000186160",7.08714863451207
"ENSG00000186162",10.2846858671622
"ENSG00000186166",12.1690661965167
"ENSG00000186174",11.9537556346552
"ENSG00000186184",13.353935175207
"ENSG00000186185",6.81151419189864
"ENSG00000186187",10.9516039638002
"ENSG00000186188",5.37094160051266
"ENSG00000186193",6.02301829709235
"ENSG00000186197",8.05543977478473
"ENSG00000186204",9.64040227550589
"ENSG00000186205",10.5235886105231
"ENSG00000186222",10.0147977902874
"ENSG00000186230",8.34494639197972
"ENSG00000186231",6.47047727406358
"ENSG00000186235",5.37094160051266
"ENSG00000186260",13.4161161878593
"ENSG00000186265",4.88551477334242
"ENSG00000186272",10.5002246174576
"ENSG00000186275",9.70313803085385
"ENSG00000186280",7.77304004408401
"ENSG00000186281",11.7996008703551
"ENSG00000186283",11.5997602910085
"ENSG00000186298",15.4112313215384
"ENSG00000186300",10.6242826101426
"ENSG00000186301",7.77304004408401
"ENSG00000186310",11.9233362387774
"ENSG00000186312",10.6563438193749
"ENSG00000186314",8.62967586891283
"ENSG00000186318",12.5649948728479
"ENSG00000186326",8.71333379795974
"ENSG00000186335",5.37094160051266
"ENSG00000186340",13.3226426176152
"ENSG00000186350",12.9761565252603
"ENSG00000186352",11.4794660572908
"ENSG00000186354",8.4462297278169
"ENSG00000186364",9.57481393387831
"ENSG00000186376",11.4308654181647
"ENSG00000186377",9.83971108372929
"ENSG00000186395",12.0574421276959
"ENSG00000186399",8.23601202042655
"ENSG00000186407",9.43395139803846
"ENSG00000186409",7.77304004408401
"ENSG00000186416",11.1220073917237
"ENSG00000186417",10.6668744868671
"ENSG00000186431",6.47047727406358
"ENSG00000186432",14.600790419607
"ENSG00000186439",15.4650192861846
"ENSG00000186446",9.68252775117857
"ENSG00000186448",12.0413449448989
"ENSG00000186453",5.73351167989737
"ENSG00000186462",12.2863942096246
"ENSG00000186466",12.6497229034824
"ENSG00000186468",16.2892724583425
"ENSG00000186469",11.9364517385676
"ENSG00000186470",11.8832587994021
"ENSG00000186472",9.74349576846999
"ENSG00000186479",9.68252775117857
"ENSG00000186480",11.6642490174603
"ENSG00000186493",4.88551477334242
"ENSG00000186496",7.92113868307314
"ENSG00000186501",12.0372924280745
"ENSG00000186510",7.08714863451207
"ENSG00000186517",10.7779057992558
"ENSG00000186522",13.6543607330958
"ENSG00000186523",6.02301829709235
"ENSG00000186529",5.73351167989737
"ENSG00000186532",11.5551085245308
"ENSG00000186564",2.56358667845506
"ENSG00000186566",13.7203018226798
"ENSG00000186567",10.0792865167391
"ENSG00000186575",12.5845666173593
"ENSG00000186577",11.7410062164443
"ENSG00000186591",15.3086306834895
"ENSG00000186594",15.1904364429241
"ENSG00000186615",9.16349952064219
"ENSG00000186625",11.4370307909704
"ENSG00000186628",12.8007966392101
"ENSG00000186635",13.315967325008
"ENSG00000186638",8.3964766926198
"ENSG00000186642",13.6018198131868
"ENSG00000186648",6.6510495197054
"ENSG00000186654",7.31847418061853
"ENSG00000186660",13.9532180177156
"ENSG00000186665",11.1143334638383
"ENSG00000186666",9.13344228678601
"ENSG00000186684",6.6510495197054
"ENSG00000186687",13.4129917794028
"ENSG00000186704",5.73351167989737
"ENSG00000186714",6.47047727406358
"ENSG00000186715",8.62967586891283
"ENSG00000186716",12.4898826732362
"ENSG00000186765",4.14854917917621
"ENSG00000186766",6.02301829709235
"ENSG00000186767",8.75341123733508
"ENSG00000186787",9.3050536648562
"ENSG00000186792",7.69286969540002
"ENSG00000186806",8.75341123733508
"ENSG00000186812",11.7209336138179
"ENSG00000186814",13.1191344501021
"ENSG00000186815",14.2722395141416
"ENSG00000186818",9.80199141778014
"ENSG00000186827",6.02301829709235
"ENSG00000186834",12.3980577284393
"ENSG00000186842",6.95590410123382
"ENSG00000186854",8.1181755301327
"ENSG00000186862",7.77304004408401
"ENSG00000186866",12.2271447826723
"ENSG00000186867",9.64040227550589
"ENSG00000186868",13.5068340743566
"ENSG00000186889",8.83037321914996
"ENSG00000186907",6.95590410123382
"ENSG00000186908",14.1741501823801
"ENSG00000186918",12.2795486687102
"ENSG00000186940",4.88551477334242
"ENSG00000186951",14.1787564922987
"ENSG00000186952",8.3964766926198
"ENSG00000186976",6.81151419189864
"ENSG00000186994",11.1372338659484
"ENSG00000186998",7.08714863451207
"ENSG00000187008",6.81151419189864
"ENSG00000187024",9.16349952064219
"ENSG00000187037",6.26402639659615
"ENSG00000187049",10.2430667779605
"ENSG00000187051",12.4987517280588
"ENSG00000187068",9.74349576846999
"ENSG00000187079",15.1436096462089
"ENSG00000187091",10.806760661928
"ENSG00000187097",12.2518369875882
"ENSG00000187098",13.2244739487576
"ENSG00000187105",5.37094160051266
"ENSG00000187109",15.6647416570556
"ENSG00000187116",8.05543977478473
"ENSG00000187118",12.1315427538705
"ENSG00000187123",6.26402639659615
"ENSG00000187134",12.6093463398377
"ENSG00000187140",4.14854917917621
"ENSG00000187145",13.6727643818103
"ENSG00000187147",13.3813698002296
"ENSG00000187151",8.1181755301327
"ENSG00000187164",11.5664016940621
"ENSG00000187186",5.73351167989737
"ENSG00000187187",10.6563438193749
"ENSG00000187189",14.3665068770403
"ENSG00000187193",11.1746114757624
"ENSG00000187210",10.3514892378465
"ENSG00000187231",13.3025233601312
"ENSG00000187239",12.4629436013782
"ENSG00000187240",11.0271110517262
"ENSG00000187244",13.4561294951036
"ENSG00000187257",11.8787362407114
"ENSG00000187260",7.84898889731731
"ENSG00000187266",10.9601914596369
"ENSG00000187288",11.3741583131962
"ENSG00000187325",13.1956730912902
"ENSG00000187372",8.83037321914996
"ENSG00000187391",11.0023785310333
"ENSG00000187446",14.353527806846
"ENSG00000187472",4.88551477334242
"ENSG00000187474",11.0352618928471
"ENSG00000187479",12.7322587965873
"ENSG00000187486",11.0106699046647
"ENSG00000187492",5.37094160051266
"ENSG00000187498",16.445369814856
"ENSG00000187504",6.95590410123382
"ENSG00000187513",13.2509623618925
"ENSG00000187514",15.6800930962031
"ENSG00000187522",12.1690661965167
"ENSG00000187531",10.6457357198089
"ENSG00000187534",8.1181755301327
"ENSG00000187535",10.6668744868671
"ENSG00000187546",7.77304004408401
"ENSG00000187554",9.85820742734668
"ENSG00000187555",14.4180655126267
"ENSG00000187556",6.6510495197054
"ENSG00000187566",7.31847418061853
"ENSG00000187581",6.02301829709235
"ENSG00000187583",4.88551477334242
"ENSG00000187595",6.26402639659615
"ENSG00000187601",11.8512990580045
"ENSG00000187605",10.7875883526532
"ENSG00000187607",9.83971108372929
"ENSG00000187608",8.93862610980198
"ENSG00000187609",10.3117795280445
"ENSG00000187624",9.3050536648562
"ENSG00000187626",9.19294329853467
"ENSG00000187630",11.5380012682606
"ENSG00000187634",7.31847418061853
"ENSG00000187642",13.3636776660801
"ENSG00000187650",8.58595449148351
"ENSG00000187653",12.0086015243235
"ENSG00000187667",10.5465802531494
"ENSG00000187672",7.92113868307314
"ENSG00000187676",12.8570583272932
"ENSG00000187678",12.8956232268167
"ENSG00000187686",2.56358667845506
"ENSG00000187688",11.4614321344606
"ENSG00000187695",2.56358667845506
"ENSG00000187699",12.9655328024316
"ENSG00000187713",12.6681854320194
"ENSG00000187715",12.7644852834935
"ENSG00000187720",14.762952295313
"ENSG00000187730",6.95590410123382
"ENSG00000187735",13.2474585470777
"ENSG00000187741",8.17829652257027
"ENSG00000187742",13.7577279173182
"ENSG00000187753",4.88551477334242
"ENSG00000187764",11.9056613464542
"ENSG00000187773",10.2846858671622
"ENSG00000187775",2.56358667845506
"ENSG00000187778",13.6437379880691
"ENSG00000187790",9.64040227550589
"ENSG00000187792",9.72345801523345
"ENSG00000187796",6.26402639659615
"ENSG00000187800",12.6786303286168
"ENSG00000187801",7.84898889731731
"ENSG00000187808",4.88551477334242
"ENSG00000187815",8.97297761459276
"ENSG00000187824",10.4523299273533
"ENSG00000187837",12.9483704285484
"ENSG00000187838",5.73351167989737
"ENSG00000187840",11.1296407166261
"ENSG00000187860",6.47047727406358
"ENSG00000187866",12.7718210367948
"ENSG00000187867",4.88551477334242
"ENSG00000187889",11.6799306396925
"ENSG00000187922",10.6242826101426
"ENSG00000187942",6.26402639659615
"ENSG00000187944",6.95590410123382
"ENSG00000187950",6.81151419189864
"ENSG00000187951",8.05543977478473
"ENSG00000187953",10.0147977902874
"ENSG00000187954",12.5422971375614
"ENSG00000187955",12.3853606604256
"ENSG00000187957",8.17829652257027
"ENSG00000187961",9.00653017430379
"ENSG00000187987",9.33177100323199
"ENSG00000187990",6.47047727406358
"ENSG00000187994",10.0147977902874
"ENSG00000188001",8.79240536895094
"ENSG00000188002",10.5351302324058
"ENSG00000188004",9.22179816120685
"ENSG00000188010",11.4553703816734
"ENSG00000188013",7.51778298884193
"ENSG00000188015",7.69286969540002
"ENSG00000188021",13.2735320586876
"ENSG00000188026",13.3359012523767
"ENSG00000188033",6.6510495197054
"ENSG00000188042",11.3612482043088
"ENSG00000188060",7.98985143315716
"ENSG00000188070",12.0044558460659
"ENSG00000188086",11.2324716627213
"ENSG00000188092",7.51778298884193
"ENSG00000188107",4.88551477334242
"ENSG00000188112",8.79240536895094
"ENSG00000188130",12.1391259252896
"ENSG00000188153",12.1616391786167
"ENSG00000188157",10.8719257085945
"ENSG00000188158",9.98143919334096
"ENSG00000188163",4.88551477334242
"ENSG00000188167",8.23601202042655
"ENSG00000188171",9.68252775117857
"ENSG00000188176",10.3117795280445
"ENSG00000188177",11.5322534716503
"ENSG00000188185",8.75341123733508
"ENSG00000188186",12.6992959645595
"ENSG00000188191",11.1672130234412
"ENSG00000188199",6.26402639659615
"ENSG00000188206",12.8292017249395
"ENSG00000188211",10.3383737380562
"ENSG00000188215",11.7558794929258
"ENSG00000188227",10.9078825863709
"ENSG00000188229",15.2130674174237
"ENSG00000188234",8.29150713301826
"ENSG00000188242",10.6773288445042
"ENSG00000188243",13.3845633710763
"ENSG00000188257",14.8124037377336
"ENSG00000188266",9.3050536648562
"ENSG00000188277",2.56358667845506
"ENSG00000188283",10.7583435328773
"ENSG00000188290",9.458404441763
"ENSG00000188295",9.43395139803846
"ENSG00000188305",2.56358667845506
"ENSG00000188312",9.27783219612118
"ENSG00000188313",12.7397598275625
"ENSG00000188315",10.5914926750249
"ENSG00000188316",4.14854917917621
"ENSG00000188321",12.2306982205301
"ENSG00000188322",8.67211113523323
"ENSG00000188338",10.0634325655383
"ENSG00000188342",12.5593538293329
"ENSG00000188343",12.5394346464618
"ENSG00000188352",13.0034175624365
"ENSG00000188372",5.37094160051266
"ENSG00000188375",9.59700967999251
"ENSG00000188385",9.83971108372929
"ENSG00000188389",4.88551477334242
"ENSG00000188394",5.73351167989737
"ENSG00000188396",5.73351167989737
"ENSG00000188404",9.35800254480516
"ENSG00000188419",12.8866414387967
"ENSG00000188428",10.9078825863709
"ENSG00000188459",5.37094160051266
"ENSG00000188483",9.00653017430379
"ENSG00000188486",9.13344228678601
"ENSG00000188487",6.26402639659615
"ENSG00000188488",10.7284936051307
"ENSG00000188493",10.9429650455263
"ENSG00000188511",8.75341123733508
"ENSG00000188512",10.0311922285381
"ENSG00000188517",9.66161876141559
"ENSG00000188522",10.214638369634
"ENSG00000188523",8.17829652257027
"ENSG00000188529",12.2092451108638
"ENSG00000188536",4.14854917917621
"ENSG00000188542",10.806760661928
"ENSG00000188549",14.1167359540536
"ENSG00000188554",15.1355762760596
"ENSG00000188559",13.4129917794028
"ENSG00000188566",9.83971108372929
"ENSG00000188580",6.26402639659615
"ENSG00000188582",11.8559083112571
"ENSG00000188596",5.73351167989737
"ENSG00000188599",9.48244991572965
"ENSG00000188603",8.3964766926198
"ENSG00000188610",6.02301829709235
"ENSG00000188611",6.81151419189864
"ENSG00000188612",13.803781732435
"ENSG00000188613",10.6350490410117
"ENSG00000188626",8.29150713301826
"ENSG00000188636",13.3588146444837
"ENSG00000188641",12.9089919251729
"ENSG00000188643",12.956977135899
"ENSG00000188647",13.541582047068
"ENSG00000188649",6.02301829709235
"ENSG00000188659",9.22179816120685
"ENSG00000188672",5.37094160051266
"ENSG00000188677",14.0609395719321
"ENSG00000188681",7.08714863451207
"ENSG00000188687",7.42156767358263
"ENSG00000188690",13.2137408921302
"ENSG00000188693",6.02301829709235
"ENSG00000188706",12.3234748616769
"ENSG00000188707",8.71333379795974
"ENSG00000188716",4.14854917917621
"ENSG00000188725",12.0332284956946
"ENSG00000188729",6.02301829709235
"ENSG00000188730",12.5336925690672
"ENSG00000188732",10.4153357198711
"ENSG00000188735",11.4431699280678
"ENSG00000188738",7.92113868307314
"ENSG00000188739",8.34494639197972
"ENSG00000188747",8.1181755301327
"ENSG00000188760",9.13344228678601
"ENSG00000188761",5.73351167989737
"ENSG00000188765",9.3050536648562
"ENSG00000188766",6.26402639659615
"ENSG00000188779",4.14854917917621
"ENSG00000188783",14.483567273504
"ENSG00000188785",11.7851737997199
"ENSG00000188786",11.7459810318596
"ENSG00000188801",6.47047727406358
"ENSG00000188803",9.35800254480516
"ENSG00000188807",11.4308654181647
"ENSG00000188811",12.6444042060634
"ENSG00000188818",10.9255304521903
"ENSG00000188820",7.69286969540002
"ENSG00000188825",7.77304004408401
"ENSG00000188827",9.68252775117857
"ENSG00000188846",15.9284053021105
"ENSG00000188856",8.49432401601794
"ENSG00000188859",9.10274548956309
"ENSG00000188868",8.62967586891283
"ENSG00000188873",7.08714863451207
"ENSG00000188878",8.62967586891283
"ENSG00000188888",4.14854917917621
"ENSG00000188895",13.408292442867
"ENSG00000188897",8.05543977478473
"ENSG00000188906",11.9364517385676
"ENSG00000188916",4.14854917917621
"ENSG00000188917",12.1838065039625
"ENSG00000188921",10.7681578227043
"ENSG00000188933",6.02301829709235
"ENSG00000188938",12.8197953669824
"ENSG00000188958",6.6510495197054
"ENSG00000188971",13.829787590954
"ENSG00000188976",12.8866414387967
"ENSG00000188981",5.37094160051266
"ENSG00000188985",4.88551477334242
"ENSG00000188986",12.3234748616769
"ENSG00000188993",7.69286969540002
"ENSG00000188994",13.0723718405196
"ENSG00000188997",10.7972063552148
"ENSG00000189002",8.1181755301327
"ENSG00000189007",10.7779057992558
"ENSG00000189011",5.73351167989737
"ENSG00000189014",6.26402639659615
"ENSG00000189042",10.0474024557193
"ENSG00000189043",16.8416730940604
"ENSG00000189045",6.26402639659615
"ENSG00000189046",10.5914926750249
"ENSG00000189050",11.8559083112571
"ENSG00000189056",10.0634325655383
"ENSG00000189057",4.88551477334242
"ENSG00000189058",16.3882471463439
"ENSG00000189060",15.3835661393777
"ENSG00000189067",13.0763271412586
"ENSG00000189077",14.25139974102
"ENSG00000189079",12.5845666173593
"ENSG00000189091",13.8097334530909
"ENSG00000189114",9.48244991572965
"ENSG00000189120",7.77304004408401
"ENSG00000189129",10.4883991820608
"ENSG00000189134",9.16349952064219
"ENSG00000189136",10.3383737380562
"ENSG00000189144",9.82097452114771
"ENSG00000189149",5.73351167989737
"ENSG00000189157",8.83037321914996
"ENSG00000189159",11.0023785310333
"ENSG00000189164",11.1372338659484
"ENSG00000189171",12.7521755241624
"ENSG00000189180",13.1513641947833
"ENSG00000189184",10.5465802531494
"ENSG00000189190",10.2709458105359
"ENSG00000189195",7.92113868307314
"ENSG00000189212",13.6556830934458
"ENSG00000189221",15.3394026911281
"ENSG00000189223",12.3400197108998
"ENSG00000189227",10.5803949661416
"ENSG00000189241",14.3021012108843
"ENSG00000189266",11.9012085804476
"ENSG00000189269",6.6510495197054
"ENSG00000189283",11.1892955215195
"ENSG00000189292",8.29150713301826
"ENSG00000189298",9.38376564087025
"ENSG00000189306",12.5192365859834
"ENSG00000189308",10.7875883526532
"ENSG00000189316",6.47047727406358
"ENSG00000189319",11.9835468563029
"ENSG00000189320",12.0372924280745
"ENSG00000189334",7.98985143315716
"ENSG00000189337",10.2002112989987
"ENSG00000189339",12.8150690890753
"ENSG00000189343",13.2666250674415
"ENSG00000189350",11.6215784012142
"ENSG00000189362",9.72345801523345
"ENSG00000189366",4.88551477334242
"ENSG00000189369",11.196581875598
"ENSG00000189376",8.79240536895094
"ENSG00000189403",15.0263445441154
"ENSG00000189409",4.14854917917621
"ENSG00000189419",7.60798079781351
"ENSG00000189423",8.17829652257027
"ENSG00000196072",12.6011336324172
"ENSG00000196074",10.7875883526532
"ENSG00000196081",6.26402639659615
"ENSG00000196083",11.2395437113968
"ENSG00000196090",4.88551477334242
"ENSG00000196091",8.34494639197972
"ENSG00000196104",8.17829652257027
"ENSG00000196109",8.93862610980198
"ENSG00000196110",9.80199141778014
"ENSG00000196114",4.88551477334242
"ENSG00000196116",11.8877672250738
"ENSG00000196118",6.47047727406358
"ENSG00000196123",12.1838065039625
"ENSG00000196126",14.5362075405138
"ENSG00000196132",5.37094160051266
"ENSG00000196136",8.75341123733508
"ENSG00000196139",12.1983977286268
"ENSG00000196141",13.7190374097672
"ENSG00000196150",10.4644534864358
"ENSG00000196151",11.218222706983
"ENSG00000196152",9.458404441763
"ENSG00000196154",13.2101453886096
"ENSG00000196155",9.00653017430379
"ENSG00000196159",12.7497009179967
"ENSG00000196167",7.42156767358263
"ENSG00000196169",4.88551477334242
"ENSG00000196172",8.67211113523323
"ENSG00000196177",14.5533359539172
"ENSG00000196182",13.0703901162507
"ENSG00000196187",12.7718210367948
"ENSG00000196189",8.75341123733508
"ENSG00000196196",7.08714863451207
"ENSG00000196199",13.7490816026659
"ENSG00000196204",11.0674124164508
"ENSG00000196205",12.0332284956946
"ENSG00000196208",10.8443574485857
"ENSG00000196209",10.390135165746
"ENSG00000196214",11.0433669424842
"ENSG00000196218",9.07138131865375
"ENSG00000196220",11.5664016940621
"ENSG00000196227",11.7899988712438
"ENSG00000196230",15.7061724268113
"ENSG00000196233",12.1353393219586
"ENSG00000196235",13.8321286787552
"ENSG00000196236",12.3885454189836
"ENSG00000196247",10.6773288445042
"ENSG00000196262",15.6119032526135
"ENSG00000196263",11.7056937357576
"ENSG00000196267",9.98143919334096
"ENSG00000196268",12.1690661965167
"ENSG00000196275",10.2982962986809
"ENSG00000196284",9.91231483268614
"ENSG00000196290",11.9919468511593
"ENSG00000196295",12.8685083480367
"ENSG00000196296",5.37094160051266
"ENSG00000196305",14.4312515268358
"ENSG00000196312",9.70313803085385
"ENSG00000196313",12.1579112823799
"ENSG00000196323",13.3292871661062
"ENSG00000196326",4.14854917917621
"ENSG00000196329",13.4742294089247
"ENSG00000196335",6.81151419189864
"ENSG00000196338",7.69286969540002
"ENSG00000196345",9.48244991572965
"ENSG00000196352",14.0347538121794
"ENSG00000196353",12.2726704910054
"ENSG00000196355",7.31847418061853
"ENSG00000196357",9.52937096311715
"ENSG00000196358",7.77304004408401
"ENSG00000196361",8.05543977478473
"ENSG00000196363",12.3033672882283
"ENSG00000196365",13.3075795395152
"ENSG00000196367",13.2769731933921
"ENSG00000196368",5.37094160051266
"ENSG00000196369",8.93862610980198
"ENSG00000196371",9.59700967999251
"ENSG00000196372",11.4122096188844
"ENSG00000196376",11.0753393322224
"ENSG00000196378",10.5579401153139
"ENSG00000196381",10.3383737380562
"ENSG00000196387",10.8719257085945
"ENSG00000196388",8.34494639197972
"ENSG00000196391",12.5678071447733
"ENSG00000196396",13.5894183467871
"ENSG00000196405",12.7887941153986
"ENSG00000196409",9.55227136522722
"ENSG00000196411",13.0322107213731
"ENSG00000196417",10.476476014685
"ENSG00000196418",8.83037321914996
"ENSG00000196419",15.2607714616796
"ENSG00000196421",6.81151419189864
"ENSG00000196422",11.5720153005256
"ENSG00000196428",12.7095188242756
"ENSG00000196436",10.0792865167391
"ENSG00000196437",10.5351302324058
"ENSG00000196440",11.9580493730654
"ENSG00000196449",11.2395437113968
"ENSG00000196453",10.0147977902874
"ENSG00000196455",12.7247185614394
"ENSG00000196456",10.2982962986809
"ENSG00000196458",11.6902911512982
"ENSG00000196459",11.1672130234412
"ENSG00000196460",5.73351167989737
"ENSG00000196465",12.2657593638206
"ENSG00000196466",9.13344228678601
"ENSG00000196468",2.56358667845506
"ENSG00000196470",11.6269817597436
"ENSG00000196476",10.1709169922047
"ENSG00000196482",12.4659617929411
"ENSG00000196497",5.73351167989737
"ENSG00000196498",13.0137669256198
"ENSG00000196502",11.0514267122781
"ENSG00000196504",13.6018198131868
"ENSG00000196505",11.4122096188844
"ENSG00000196507",12.6093463398377
"ENSG00000196510",12.944047743544
"ENSG00000196511",10.5465802531494
"ENSG00000196517",7.20744286822978
"ENSG00000196526",11.4553703816734
"ENSG00000196531",16.3975638408439
"ENSG00000196533",5.37094160051266
"ENSG00000196535",14.3255533738371
"ENSG00000196542",5.73351167989737
"ENSG00000196544",10.1560437157231
"ENSG00000196547",14.3288727771787
"ENSG00000196549",11.8605028853343
"ENSG00000196550",6.26402639659615
"ENSG00000196557",11.196581875598
"ENSG00000196559",5.37094160051266
"ENSG00000196562",13.2838309367426
"ENSG00000196565",5.73351167989737
"ENSG00000196569",16.304105320567
"ENSG00000196576",12.9992569393916
"ENSG00000196581",6.26402639659615
"ENSG00000196584",6.02301829709235
"ENSG00000196586",12.7422515294615
"ENSG00000196588",11.6954436390638
"ENSG00000196591",13.5838721792997
"ENSG00000196597",9.55227136522722
"ENSG00000196604",7.42156767358263
"ENSG00000196605",10.9167335039531
"ENSG00000196616",15.5281080523523
"ENSG00000196628",14.4079001396584
"ENSG00000196632",8.79240536895094
"ENSG00000196636",11.6642490174603
"ENSG00000196639",9.72345801523345
"ENSG00000196642",12.4719792992288
"ENSG00000196646",10.6457357198089
"ENSG00000196648",7.31847418061853
"ENSG00000196652",11.0514267122781
"ENSG00000196653",10.8536055253877
"ENSG00000196655",12.7863815813232
"ENSG00000196656",7.98985143315716
"ENSG00000196659",9.07138131865375
"ENSG00000196660",6.26402639659615
"ENSG00000196663",12.1874681684685
"ENSG00000196664",8.3964766926198
"ENSG00000196666",2.56358667845506
"ENSG00000196668",4.88551477334242
"ENSG00000196670",12.0086015243235
"ENSG00000196674",6.26402639659615
"ENSG00000196678",11.3016789380755
"ENSG00000196683",15.2585974181083
"ENSG00000196684",5.37094160051266
"ENSG00000196689",6.02301829709235
"ENSG00000196693",12.0812560665889
"ENSG00000196696",10.0634325655383
"ENSG00000196700",11.57760714877
"ENSG00000196704",13.5214142392888
"ENSG00000196705",11.5720153005256
"ENSG00000196712",14.4648307109224
"ENSG00000196715",13.1267829506718
"ENSG00000196724",10.9078825863709
"ENSG00000196730",10.5465802531494
"ENSG00000196735",11.9277213334631
"ENSG00000196739",12.7620317199074
"ENSG00000196741",9.66161876141559
"ENSG00000196743",13.548717051922
"ENSG00000196754",7.08714863451207
"ENSG00000196756",10.0634325655383
"ENSG00000196757",10.806760661928
"ENSG00000196776",14.0448815830862
"ENSG00000196781",11.6851201957951
"ENSG00000196782",10.0792865167391
"ENSG00000196787",6.95590410123382
"ENSG00000196792",13.2351277451669
"ENSG00000196793",8.23601202042655
"ENSG00000196810",10.7082449212869
"ENSG00000196812",9.48244991572965
"ENSG00000196814",10.9429650455263
"ENSG00000196821",15.3274214778847
"ENSG00000196839",11.0674124164508
"ENSG00000196843",13.2047352758663
"ENSG00000196850",14.9901135269068
"ENSG00000196865",14.2893789499492
"ENSG00000196867",11.5322534716503
"ENSG00000196872",11.1672130234412
"ENSG00000196873",7.92113868307314
"ENSG00000196876",8.05543977478473
"ENSG00000196878",9.25008720563828
"ENSG00000196911",11.7360141871005
"ENSG00000196912",9.38376564087025
"ENSG00000196914",15.7777539925486
"ENSG00000196922",12.4293199493068
"ENSG00000196923",12.1874681684685
"ENSG00000196924",16.2190055951209
"ENSG00000196932",7.42156767358263
"ENSG00000196935",11.2605542046893
"ENSG00000196937",13.5430118737865
"ENSG00000196943",13.0959426037439
"ENSG00000196950",11.7209336138179
"ENSG00000196951",9.03932010942146
"ENSG00000196954",12.4324092332301
"ENSG00000196960",2.56358667845506
"ENSG00000196961",12.8547573777769
"ENSG00000196963",9.00653017430379
"ENSG00000196966",8.29150713301826
"ENSG00000196967",11.4913646405374
"ENSG00000196968",12.180135522234
"ENSG00000196972",10.698012998676
"ENSG00000196975",12.5394346464618
"ENSG00000196976",10.4644534864358
"ENSG00000196981",10.2570736359544
"ENSG00000196998",12.8150690890753
"ENSG00000197006",13.681878911482
"ENSG00000197008",10.2430667779605
"ENSG00000197013",10.3117795280445
"ENSG00000197016",10.6457357198089
"ENSG00000197019",11.3741583131962
"ENSG00000197020",11.3151307375442
"ENSG00000197021",11.8605028853343
"ENSG00000197024",10.9429650455263
"ENSG00000197037",11.14478726038
"ENSG00000197043",15.5658742968561
"ENSG00000197044",12.1690661965167
"ENSG00000197045",13.340841993647
"ENSG00000197050",10.3383737380562
"ENSG00000197054",8.1181755301327
"ENSG00000197056",10.8162521109053
"ENSG00000197062",11.804378010617
"ENSG00000197063",12.902323061029
"ENSG00000197070",11.1143334638383
"ENSG00000197077",12.6708037540464
"ENSG00000197081",15.1308297837345
"ENSG00000197083",10.402790466552
"ENSG00000197093",8.23601202042655
"ENSG00000197102",15.9568430502034
"ENSG00000197106",4.88551477334242
"ENSG00000197111",14.4118183795489
"ENSG00000197114",8.58595449148351
"ENSG00000197119",12.8593556128756
"ENSG00000197121",13.0301730161743
"ENSG00000197122",10.7184047875072
"ENSG00000197124",10.7484620213633
"ENSG00000197128",12.2657593638206
"ENSG00000197134",8.17829652257027
"ENSG00000197136",11.2038316146774
"ENSG00000197140",8.4462297278169
"ENSG00000197142",12.6229311392795
"ENSG00000197146",7.51778298884193
"ENSG00000197147",12.3661030435763
"ENSG00000197150",11.6851201957951
"ENSG00000197157",13.945670268597
"ENSG00000197162",9.66161876141559
"ENSG00000197165",6.02301829709235
"ENSG00000197168",6.95590410123382
"ENSG00000197170",13.4223447783905
"ENSG00000197180",7.69286969540002
"ENSG00000197181",7.77304004408401
"ENSG00000197182",9.3050536648562
"ENSG00000197183",11.1892955215195
"ENSG00000197191",4.88551477334242
"ENSG00000197208",8.75341123733508
"ENSG00000197217",13.8793023364773
"ENSG00000197223",12.5134133892142
"ENSG00000197226",13.4067225895664
"ENSG00000197245",9.59700967999251
"ENSG00000197249",10.7082449212869
"ENSG00000197253",8.17829652257027
"ENSG00000197256",15.5176011861776
"ENSG00000197258",9.22179816120685
"ENSG00000197261",6.47047727406358
"ENSG00000197265",11.5031658927698
"ENSG00000197275",6.95590410123382
"ENSG00000197279",7.77304004408401
"ENSG00000197283",11.509030514833
"ENSG00000197291",8.97297761459276
"ENSG00000197296",15.5263019741984
"ENSG00000197299",10.7082449212869
"ENSG00000197301",6.6510495197054
"ENSG00000197302",11.6694951870262
"ENSG00000197312",12.6497229034824
"ENSG00000197321",16.7914282133384
"ENSG00000197323",13.3276288957616
"ENSG00000197324",14.0153129465296
"ENSG00000197329",12.9719164192224
"ENSG00000197332",6.26402639659615
"ENSG00000197343",13.9639324749898
"ENSG00000197345",13.1532378249698
"ENSG00000197355",10.8536055253877
"ENSG00000197358",8.49432401601794
"ENSG00000197360",7.92113868307314
"ENSG00000197361",8.90343668133968
"ENSG00000197362",8.97297761459276
"ENSG00000197363",9.52937096311715
"ENSG00000197372",10.0311922285381
"ENSG00000197375",13.1865536232456
"ENSG00000197380",10.9429650455263
"ENSG00000197381",12.4106440245464
"ENSG00000197385",4.88551477334242
"ENSG00000197386",13.2562021801496
"ENSG00000197405",12.4958014304234
"ENSG00000197406",5.73351167989737
"ENSG00000197415",5.73351167989737
"ENSG00000197417",7.98985143315716
"ENSG00000197429",11.2535846498745
"ENSG00000197442",13.1419593698159
"ENSG00000197444",10.9601914596369
"ENSG00000197448",15.3537315054049
"ENSG00000197451",13.9735079197047
"ENSG00000197457",10.2002112989987
"ENSG00000197461",10.9429650455263
"ENSG00000197465",6.47047727406358
"ENSG00000197467",7.60798079781351
"ENSG00000197471",9.55227136522722
"ENSG00000197479",7.60798079781351
"ENSG00000197483",6.95590410123382
"ENSG00000197496",10.5579401153139
"ENSG00000197497",8.62967586891283
"ENSG00000197498",12.7960076056311
"ENSG00000197506",4.14854917917621
"ENSG00000197520",6.02301829709235
"ENSG00000197530",11.1597764345995
"ENSG00000197535",12.9950842827131
"ENSG00000197536",10.5914926750249
"ENSG00000197548",11.5322534716503
"ENSG00000197555",11.7107916033973
"ENSG00000197557",10.4644534864358
"ENSG00000197558",7.31847418061853
"ENSG00000197561",5.37094160051266
"ENSG00000197562",10.9167335039531
"ENSG00000197563",12.8843872273367
"ENSG00000197565",12.0891074875501
"ENSG00000197566",8.97297761459276
"ENSG00000197568",8.49432401601794
"ENSG00000197576",7.20744286822978
"ENSG00000197579",11.9277213334631
"ENSG00000197580",13.3765661497065
"ENSG00000197582",7.42156767358263
"ENSG00000197584",8.93862610980198
"ENSG00000197586",14.0649262965165
"ENSG00000197594",11.1597764345995
"ENSG00000197599",6.26402639659615
"ENSG00000197601",14.1621044890677
"ENSG00000197603",12.1391259252896
"ENSG00000197604",6.47047727406358
"ENSG00000197608",11.2674902518997
"ENSG00000197614",12.9867025886022
"ENSG00000197616",18.6114561198813
"ENSG00000197619",11.6107105905691
"ENSG00000197620",11.2605542046893
"ENSG00000197622",14.6055879847342
"ENSG00000197629",13.3555634993537
"ENSG00000197635",11.3547495670101
"ENSG00000197646",10.3251379108995
"ENSG00000197647",10.0792865167391
"ENSG00000197653",6.02301829709235
"ENSG00000197681",2.56358667845506
"ENSG00000197694",15.4437441350569
"ENSG00000197696",9.25008720563828
"ENSG00000197701",8.29150713301826
"ENSG00000197702",14.2635928293379
"ENSG00000197705",6.81151419189864
"ENSG00000197712",12.2553301976263
"ENSG00000197713",12.492845087092
"ENSG00000197714",10.390135165746
"ENSG00000197724",13.5126838341843
"ENSG00000197728",12.8547573777769
"ENSG00000197744",8.54086660195497
"ENSG00000197746",17.7006979033504
"ENSG00000197747",14.2461424195354
"ENSG00000197748",6.26402639659615
"ENSG00000197756",16.2387718924104
"ENSG00000197757",4.14854917917621
"ENSG00000197763",9.76325902329142
"ENSG00000197766",12.4385680261088
"ENSG00000197769",7.77304004408401
"ENSG00000197771",13.6141155839856
"ENSG00000197774",10.7875883526532
"ENSG00000197776",10.8162521109053
"ENSG00000197779",11.0832229312983
"ENSG00000197780",12.9971721196056
"ENSG00000197782",10.8627946968423
"ENSG00000197785",10.5119539100397
"ENSG00000197798",12.2829754993971
"ENSG00000197808",9.74349576846999
"ENSG00000197813",6.81151419189864
"ENSG00000197816",9.03932010942146
"ENSG00000197818",12.0168573124657
"ENSG00000197822",8.67211113523323
"ENSG00000197837",8.05543977478473
"ENSG00000197841",12.0291530832645
"ENSG00000197846",4.88551477334242
"ENSG00000197847",5.37094160051266
"ENSG00000197852",12.7171387101632
"ENSG00000197857",11.9580493730654
"ENSG00000197858",12.4809587579319
"ENSG00000197859",9.52937096311715
"ENSG00000197860",11.4734797622251
"ENSG00000197863",9.99821490609178
"ENSG00000197872",11.5664016940621
"ENSG00000197879",15.2476777849842
"ENSG00000197882",2.56358667845506
"ENSG00000197885",12.0209675575276
"ENSG00000197889",4.14854917917621
"ENSG00000197892",12.5279275462475
"ENSG00000197893",18.4879584768028
"ENSG00000197894",15.1858673336706
"ENSG00000197903",10.6350490410117
"ENSG00000197905",10.898977033149
"ENSG00000197912",13.9467509390902
"ENSG00000197921",4.88551477334242
"ENSG00000197927",8.49432401601794
"ENSG00000197928",11.9056613464542
"ENSG00000197930",13.6935136119655
"ENSG00000197932",10.6025056677474
"ENSG00000197933",9.59700967999251
"ENSG00000197935",8.29150713301826
"ENSG00000197937",11.2324716627213
"ENSG00000197943",11.0271110517262
"ENSG00000197948",10.5351302324058
"ENSG00000197951",10.2846858671622
"ENSG00000197956",15.0227621140071
"ENSG00000197958",15.9675307186087
"ENSG00000197959",9.99821490609178
"ENSG00000197961",11.6052458300923
"ENSG00000197965",13.7428737831011
"ENSG00000197969",14.3984527168171
"ENSG00000197971",12.6229311392795
"ENSG00000197977",10.0792865167391
"ENSG00000197980",7.60798079781351
"ENSG00000197982",12.3367258851747
"ENSG00000197989",10.1856384979114
"ENSG00000197991",13.1792163154232
"ENSG00000197992",5.73351167989737
"ENSG00000197993",5.73351167989737
"ENSG00000198000",12.3821688559359
"ENSG00000198001",11.9012085804476
"ENSG00000198003",7.08714863451207
"ENSG00000198010",4.88551477334242
"ENSG00000198015",13.1494881281458
"ENSG00000198018",9.458404441763
"ENSG00000198019",7.20744286822978
"ENSG00000198026",11.7851737997199
"ENSG00000198033",7.42156767358263
"ENSG00000198034",16.8035580645643
"ENSG00000198035",7.42156767358263
"ENSG00000198039",9.85820742734668
"ENSG00000198040",8.86736742663216
"ENSG00000198042",12.146669445958
"ENSG00000198046",10.6668744868671
"ENSG00000198053",13.6609604474453
"ENSG00000198055",11.0594417053422
"ENSG00000198056",9.25008720563828
"ENSG00000198060",13.2596848494109
"ENSG00000198074",2.56358667845506
"ENSG00000198075",10.0792865167391
"ENSG00000198081",11.14478726038
"ENSG00000198087",12.8843872273367
"ENSG00000198088",8.17829652257027
"ENSG00000198089",9.89450355656967
"ENSG00000198093",10.9167335039531
"ENSG00000198105",12.0773142744075
"ENSG00000198106",7.60798079781351
"ENSG00000198108",7.51778298884193
"ENSG00000198113",10.7082449212869
"ENSG00000198121",11.7608033715651
"ENSG00000198125",19.335243785487
"ENSG00000198130",12.8707874875959
"ENSG00000198131",12.3033672882283
"ENSG00000198133",9.16349952064219
"ENSG00000198134",4.14854917917621
"ENSG00000198142",9.55227136522722
"ENSG00000198146",13.3109405079331
"ENSG00000198150",9.61886911395625
"ENSG00000198155",8.58595449148351
"ENSG00000198156",4.88551477334242
"ENSG00000198157",10.0474024557193
"ENSG00000198160",12.6120735524474
"ENSG00000198162",13.3109405079331
"ENSG00000198168",12.4749786662985
"ENSG00000198169",11.7158715207616
"ENSG00000198171",11.8420361366755
"ENSG00000198176",13.0240425747647
"ENSG00000198182",9.72345801523345
"ENSG00000198185",10.5692112276489
"ENSG00000198189",12.9950842827131
"ENSG00000198198",13.0219932916916
"ENSG00000198203",8.62967586891283
"ENSG00000198205",10.1856384979114
"ENSG00000198208",11.0433669424842
"ENSG00000198216",5.73351167989737
"ENSG00000198218",13.2047352758663
"ENSG00000198221",5.37094160051266
"ENSG00000198225",7.42156767358263
"ENSG00000198231",14.2496494283505
"ENSG00000198242",15.3236828476991
"ENSG00000198246",9.00653017430379
"ENSG00000198252",12.0291530832645
"ENSG00000198258",14.4188445056483
"ENSG00000198265",13.2562021801496
"ENSG00000198270",13.3025233601312
"ENSG00000198276",12.3400197108998
"ENSG00000198286",6.26402639659615
"ENSG00000198298",8.62967586891283
"ENSG00000198300",11.8138850963614
"ENSG00000198301",12.6038763994808
"ENSG00000198312",2.56358667845506
"ENSG00000198315",13.1532378249698
"ENSG00000198324",10.7184047875072
"ENSG00000198331",9.64040227550589
"ENSG00000198336",14.351897182156
"ENSG00000198339",5.37094160051266
"ENSG00000198342",8.97297761459276
"ENSG00000198346",9.43395139803846
"ENSG00000198355",12.0693982323747
"ENSG00000198356",13.0861682097099
"ENSG00000198363",15.1112042333579
"ENSG00000198369",12.4043646020501
"ENSG00000198373",12.2657593638206
"ENSG00000198380",13.9851255853033
"ENSG00000198382",12.3267990452695
"ENSG00000198384",4.88551477334242
"ENSG00000198393",6.81151419189864
"ENSG00000198399",14.0194275875815
"ENSG00000198400",8.23601202042655
"ENSG00000198406",9.27783219612118
"ENSG00000198408",15.4680331429608
"ENSG00000198416",4.88551477334242
"ENSG00000198417",8.23601202042655
"ENSG00000198420",12.3725508533743
"ENSG00000198429",9.52937096311715
"ENSG00000198431",15.6105401297618
"ENSG00000198435",11.3996370335131
"ENSG00000198440",10.0634325655383
"ENSG00000198453",10.4883991820608
"ENSG00000198455",11.3612482043088
"ENSG00000198464",12.0574421276959
"ENSG00000198466",12.5308129372911
"ENSG00000198467",16.0154417068528
"ENSG00000198468",8.23601202042655
"ENSG00000198477",6.6510495197054
"ENSG00000198478",12.459919082365
"ENSG00000198482",11.3284582691911
"ENSG00000198483",7.84898889731731
"ENSG00000198492",13.0664184825218
"ENSG00000198496",9.48244991572965
"ENSG00000198498",10.9255304521903
"ENSG00000198502",9.61886911395625
"ENSG00000198513",9.22179816120685
"ENSG00000198515",10.1856384979114
"ENSG00000198517",12.4839395338701
"ENSG00000198518",6.26402639659615
"ENSG00000198520",5.37094160051266
"ENSG00000198521",10.7484620213633
"ENSG00000198522",12.3661030435763
"ENSG00000198523",18.4535896428656
"ENSG00000198538",10.8350497063594
"ENSG00000198542",9.94729097092911
"ENSG00000198546",11.9233362387774
"ENSG00000198547",4.88551477334242
"ENSG00000198551",11.3151307375442
"ENSG00000198553",4.88551477334242
"ENSG00000198554",9.19294329853467
"ENSG00000198556",10.6773288445042
"ENSG00000198561",14.8283224795852
"ENSG00000198563",14.3288727771787
"ENSG00000198574",4.14854917917621
"ENSG00000198576",4.88551477334242
"ENSG00000198580",8.83037321914996
"ENSG00000198585",14.5195997565432
"ENSG00000198586",12.7521755241624
"ENSG00000198589",13.3490391466136
"ENSG00000198590",6.81151419189864
"ENSG00000198597",7.77304004408401
"ENSG00000198598",6.95590410123382
"ENSG00000198604",11.9793284467451
"ENSG00000198612",14.3543424285734
"ENSG00000198618",12.1653574668628
"ENSG00000198624",15.4785323344954
"ENSG00000198625",13.6397342064776
"ENSG00000198626",18.4310343534234
"ENSG00000198633",5.37094160051266
"ENSG00000198642",13.503900275601
"ENSG00000198646",13.1400710252519
"ENSG00000198648",13.5009604986472
"ENSG00000198663",14.7518664304192
"ENSG00000198668",16.4079982254619
"ENSG00000198673",6.95590410123382
"ENSG00000198677",14.3584086517863
"ENSG00000198680",10.1560437157231
"ENSG00000198682",12.7044164492281
"ENSG00000198689",12.8315437628579
"ENSG00000198690",12.6337076229319
"ENSG00000198691",6.26402639659615
"ENSG00000198692",5.73351167989737
"ENSG00000198695",15.7548001506763
"ENSG00000198700",13.8667966273998
"ENSG00000198707",12.0693982323747
"ENSG00000198712",19.8725744483714
"ENSG00000198715",11.804378010617
"ENSG00000198718",12.2020225924455
"ENSG00000198719",10.6773288445042
"ENSG00000198720",9.458404441763
"ENSG00000198721",14.9225125476098
"ENSG00000198722",13.861076179616
"ENSG00000198727",20.2667129614137
"ENSG00000198728",12.8268558788277
"ENSG00000198729",14.3346634187179
"ENSG00000198730",13.4935847410641
"ENSG00000198732",8.05543977478473
"ENSG00000198734",9.68252775117857
"ENSG00000198736",12.3885454189836
"ENSG00000198740",11.7803325366504
"ENSG00000198742",12.5221393938861
"ENSG00000198744",14.0018587345799
"ENSG00000198746",10.476476014685
"ENSG00000198752",14.34617543795
"ENSG00000198753",8.62967586891283
"ENSG00000198754",5.73351167989737
"ENSG00000198755",15.9121765309038
"ENSG00000198756",11.2674902518997
"ENSG00000198758",2.56358667845506
"ENSG00000198763",20.0980187580478
"ENSG00000198768",6.02301829709235
"ENSG00000198771",12.9134207699123
"ENSG00000198774",9.76325902329142
"ENSG00000198780",10.4523299273533
"ENSG00000198783",10.806760661928
"ENSG00000198785",9.22179816120685
"ENSG00000198786",20.6816710182965
"ENSG00000198791",13.5741147843415
"ENSG00000198792",13.0564412986298
"ENSG00000198793",14.0609395719321
"ENSG00000198794",12.7742580222407
"ENSG00000198795",11.2743931121544
"ENSG00000198796",15.2681387999173
"ENSG00000198797",4.14854917917621
"ENSG00000198799",12.3465848873755
"ENSG00000198804",21.4292504850769
"ENSG00000198805",12.5422971375614
"ENSG00000198812",13.0403328823945
"ENSG00000198814",11.8138850963614
"ENSG00000198815",13.8332977995978
"ENSG00000198816",11.3869539185013
"ENSG00000198818",12.0930172326012
"ENSG00000198821",6.02301829709235
"ENSG00000198824",11.2535846498745
"ENSG00000198825",11.594253814702
"ENSG00000198826",8.86736742663216
"ENSG00000198829",8.17829652257027
"ENSG00000198830",13.4697256746504
"ENSG00000198832",11.8650828734376
"ENSG00000198833",13.4114270340858
"ENSG00000198835",7.51778298884193
"ENSG00000198836",14.7375760526216
"ENSG00000198837",13.5769093518805
"ENSG00000198838",6.47047727406358
"ENSG00000198839",11.6536990981193
"ENSG00000198840",17.8182831658833
"ENSG00000198841",10.0792865167391
"ENSG00000198842",15.8357790400997
"ENSG00000198843",14.4435527581194
"ENSG00000198844",12.7372638147585
"ENSG00000198846",8.93862610980198
"ENSG00000198848",11.8650828734376
"ENSG00000198851",7.20744286822978
"ENSG00000198853",13.175533620275
"ENSG00000198855",9.68252775117857
"ENSG00000198856",12.9089919251729
"ENSG00000198858",11.7005777905353
"ENSG00000198860",12.7839650061503
"ENSG00000198862",13.344126445927
"ENSG00000198863",11.3805703017104
"ENSG00000198865",9.61886911395625
"ENSG00000198868",9.74349576846999
"ENSG00000198870",6.26402639659615
"ENSG00000198873",13.6276557588406
"ENSG00000198874",11.4614321344606
"ENSG00000198876",12.6175125599862
"ENSG00000198879",11.8280292786817
"ENSG00000198885",7.98985143315716
"ENSG00000198886",21.0230142945815
"ENSG00000198887",13.9402547403127
"ENSG00000198888",19.9521842223137
"ENSG00000198890",10.6563438193749
"ENSG00000198892",13.2226906419287
"ENSG00000198894",13.4712284821206
"ENSG00000198898",15.7483070844528
"ENSG00000198899",20.0090461530929
"ENSG00000198900",13.1681399075341
"ENSG00000198901",10.5235886105231
"ENSG00000198908",10.4883991820608
"ENSG00000198909",13.5472928711144
"ENSG00000198910",11.1220073917237
"ENSG00000198911",14.4312515268358
"ENSG00000198912",10.9255304521903
"ENSG00000198915",8.49432401601794
"ENSG00000198917",11.4913646405374
"ENSG00000198918",12.5279275462475
"ENSG00000198919",13.1828896338707
"ENSG00000198920",11.0189138987596
"ENSG00000198924",11.2395437113968
"ENSG00000198925",13.8838231236967
"ENSG00000198929",8.86736742663216
"ENSG00000198931",11.725978007212
"ENSG00000198932",13.0463946351817
"ENSG00000198933",11.1372338659484
"ENSG00000198934",9.3050536648562
"ENSG00000198937",10.7184047875072
"ENSG00000198938",20.0856394229466
"ENSG00000198939",7.69286969540002
"ENSG00000198944",4.14854917917621
"ENSG00000198945",9.83971108372929
"ENSG00000198947",15.6295076344026
"ENSG00000198948",11.2674902518997
"ENSG00000198951",12.2413063200961
"ENSG00000198952",14.2141897006704
"ENSG00000198954",13.3571899877345
"ENSG00000198959",17.5120907989502
"ENSG00000198960",10.7484620213633
"ENSG00000198961",15.1762248420598
"ENSG00000198963",8.58595449148351
"ENSG00000198964",12.4629436013782
"ENSG00000199024",5.37094160051266
"ENSG00000199047",6.95590410123382
"ENSG00000199133",8.3964766926198
"ENSG00000199161",6.95590410123382
"ENSG00000199226",4.14854917917621
"ENSG00000199266",5.73351167989737
"ENSG00000199477",5.37094160051266
"ENSG00000199753",6.6510495197054
"ENSG00000199804",4.88551477334242
"ENSG00000199933",8.1181755301327
"ENSG00000200087",6.26402639659615
"ENSG00000200090",7.60798079781351
"ENSG00000200170",6.02301829709235
"ENSG00000200253",2.56358667845506
"ENSG00000200534",7.98985143315716
"ENSG00000200556",8.29150713301826
"ENSG00000200737",5.37094160051266
"ENSG00000200769",5.73351167989737
"ENSG00000200788",6.02301829709235
"ENSG00000200879",5.37094160051266
"ENSG00000200913",6.26402639659615
"ENSG00000201098",6.95590410123382
"ENSG00000201302",5.37094160051266
"ENSG00000201457",7.69286969540002
"ENSG00000201499",4.14854917917621
"ENSG00000201555",5.37094160051266
"ENSG00000201678",5.37094160051266
"ENSG00000201699",2.56358667845506
"ENSG00000201772",6.47047727406358
"ENSG00000202058",6.26402639659615
"ENSG00000202198",7.92113868307314
"ENSG00000202314",6.26402639659615
"ENSG00000202337",6.02301829709235
"ENSG00000202343",5.73351167989737
"ENSG00000202415",5.73351167989737
"ENSG00000202533",6.81151419189864
"ENSG00000203276",7.08714863451207
"ENSG00000203279",6.26402639659615
"ENSG00000203288",5.37094160051266
"ENSG00000203301",5.37094160051266
"ENSG00000203306",7.51778298884193
"ENSG00000203326",10.0792865167391
"ENSG00000203356",4.14854917917621
"ENSG00000203392",7.92113868307314
"ENSG00000203403",7.77304004408401
"ENSG00000203485",12.1391259252896
"ENSG00000203497",6.81151419189864
"ENSG00000203499",6.02301829709235
"ENSG00000203506",6.81151419189864
"ENSG00000203546",7.69286969540002
"ENSG00000203593",6.6510495197054
"ENSG00000203602",7.20744286822978
"ENSG00000203632",7.42156767358263
"ENSG00000203644",10.1560437157231
"ENSG00000203645",6.02301829709235
"ENSG00000203650",7.98985143315716
"ENSG00000203659",4.88551477334242
"ENSG00000203666",12.180135522234
"ENSG00000203667",14.4435527581194
"ENSG00000203668",11.892261605783
"ENSG00000203684",5.37094160051266
"ENSG00000203685",10.5803949661416
"ENSG00000203697",4.14854917917621
"ENSG00000203705",12.6147956193698
"ENSG00000203706",7.98985143315716
"ENSG00000203709",14.6796056717802
"ENSG00000203710",11.3016789380755
"ENSG00000203722",2.56358667845506
"ENSG00000203724",7.42156767358263
"ENSG00000203727",9.64040227550589
"ENSG00000203734",8.75341123733508
"ENSG00000203739",7.84898889731731
"ENSG00000203740",8.1181755301327
"ENSG00000203747",13.4469936648434
"ENSG00000203760",5.73351167989737
"ENSG00000203761",6.95590410123382
"ENSG00000203778",12.9676638146963
"ENSG00000203780",6.6510495197054
"ENSG00000203791",10.390135165746
"ENSG00000203797",12.0044558460659
"ENSG00000203799",7.20744286822978
"ENSG00000203801",6.02301829709235
"ENSG00000203804",6.95590410123382
"ENSG00000203808",10.0792865167391
"ENSG00000203814",5.37094160051266
"ENSG00000203815",2.56358667845506
"ENSG00000203819",6.02301829709235
"ENSG00000203827",6.6510495197054
"ENSG00000203832",10.4277728231093
"ENSG00000203836",5.73351167989737
"ENSG00000203843",4.88551477334242
"ENSG00000203849",6.81151419189864
"ENSG00000203865",9.03932010942146
"ENSG00000203867",15.6545260944394
"ENSG00000203870",5.73351167989737
"ENSG00000203871",7.20744286822978
"ENSG00000203872",8.79240536895094
"ENSG00000203875",13.2029273871073
"ENSG00000203876",6.81151419189864
"ENSG00000203879",14.5455106657724
"ENSG00000203880",14.0448815830862
"ENSG00000203883",11.288100531575
"ENSG00000203886",5.37094160051266
"ENSG00000203896",6.47047727406358
"ENSG00000203914",6.02301829709235
"ENSG00000203930",6.81151419189864
"ENSG00000203942",6.81151419189864
"ENSG00000203943",7.84898889731731
"ENSG00000203950",12.4200122070806
"ENSG00000203965",11.0832229312983
"ENSG00000203993",10.2570736359544
"ENSG00000203999",7.84898889731731
"ENSG00000204022",4.14854917917621
"ENSG00000204052",7.69286969540002
"ENSG00000204054",12.6229311392795
"ENSG00000204055",2.56358667845506
"ENSG00000204060",6.02301829709235
"ENSG00000204065",7.31847418061853
"ENSG00000204070",12.3885454189836
"ENSG00000204071",6.81151419189864
"ENSG00000204084",12.1085511112443
"ENSG00000204086",4.14854917917621
"ENSG00000204103",12.1315427538705
"ENSG00000204104",11.14478726038
"ENSG00000204116",12.8174341634425
"ENSG00000204120",13.8460959846959
"ENSG00000204128",2.56358667845506
"ENSG00000204130",11.8832587994021
"ENSG00000204131",9.94729097092911
"ENSG00000204136",11.3151307375442
"ENSG00000204138",12.9655328024316
"ENSG00000204147",10.0634325655383
"ENSG00000204149",10.6350490410117
"ENSG00000204152",6.26402639659615
"ENSG00000204160",12.1085511112443
"ENSG00000204161",12.2795486687102
"ENSG00000204164",9.458404441763
"ENSG00000204165",2.56358667845506
"ENSG00000204169",4.14854917917621
"ENSG00000204173",6.81151419189864
"ENSG00000204176",10.0634325655383
"ENSG00000204177",5.37094160051266
"ENSG00000204178",11.8091393847107
"ENSG00000204179",5.37094160051266
"ENSG00000204186",12.3400197108998
"ENSG00000204187",7.20744286822978
"ENSG00000204194",7.77304004408401
"ENSG00000204209",12.0372924280745
"ENSG00000204217",15.0400797557966
"ENSG00000204219",12.4689736834732
"ENSG00000204220",11.8512990580045
"ENSG00000204227",12.7120632606333
"ENSG00000204228",11.225364776227
"ENSG00000204231",13.1457286601138
"ENSG00000204237",10.4153357198711
"ENSG00000204241",5.73351167989737
"ENSG00000204248",9.27783219612118
"ENSG00000204252",10.6877079902842
"ENSG00000204253",8.58595449148351
"ENSG00000204256",14.7518664304192
"ENSG00000204257",12.2553301976263
"ENSG00000204261",10.402790466552
"ENSG00000204262",13.5372840447604
"ENSG00000204264",11.8186152482738
"ENSG00000204267",11.3350761479557
"ENSG00000204271",9.25008720563828
"ENSG00000204272",12.3400197108998
"ENSG00000204282",9.35800254480516
"ENSG00000204287",15.1945363052879
"ENSG00000204291",13.7966071049296
"ENSG00000204301",14.1224856596018
"ENSG00000204304",12.99089952259
"ENSG00000204305",9.48244991572965
"ENSG00000204308",13.7240884260107
"ENSG00000204310",13.6236070329629
"ENSG00000204311",8.34494639197972
"ENSG00000204314",8.1181755301327
"ENSG00000204315",8.34494639197972
"ENSG00000204316",8.79240536895094
"ENSG00000204323",10.7284936051307
"ENSG00000204334",7.84898889731731
"ENSG00000204338",5.37094160051266
"ENSG00000204344",10.4523299273533
"ENSG00000204348",11.5380012682606
"ENSG00000204351",12.5046342847956
"ENSG00000204352",5.73351167989737
"ENSG00000204356",13.1324928329571
"ENSG00000204361",5.73351167989737
"ENSG00000204366",7.98985143315716
"ENSG00000204370",15.2144140525938
"ENSG00000204371",11.0352618928471
"ENSG00000204377",6.6510495197054
"ENSG00000204381",10.6457357198089
"ENSG00000204386",12.8933830166758
"ENSG00000204387",12.7669346814348
"ENSG00000204388",13.2315852141276
"ENSG00000204389",14.0091188974834
"ENSG00000204390",8.23601202042655
"ENSG00000204392",11.3547495670101
"ENSG00000204394",11.804378010617
"ENSG00000204396",10.5119539100397
"ENSG00000204397",9.85820742734668
"ENSG00000204403",6.6510495197054
"ENSG00000204406",11.6215784012142
"ENSG00000204410",7.31847418061853
"ENSG00000204420",5.37094160051266
"ENSG00000204427",8.83037321914996
"ENSG00000204428",7.20744286822978
"ENSG00000204435",11.3416638079904
"ENSG00000204438",11.6483950662594
"ENSG00000204439",12.0250661257412
"ENSG00000204442",8.93862610980198
"ENSG00000204444",8.4462297278169
"ENSG00000204463",14.6802555344222
"ENSG00000204469",14.5057345988499
"ENSG00000204472",11.6589837012476
"ENSG00000204482",8.79240536895094
"ENSG00000204498",10.2709458105359
"ENSG00000204514",10.6457357198089
"ENSG00000204516",9.25008720563828
"ENSG00000204519",10.5119539100397
"ENSG00000204520",11.7107916033973
"ENSG00000204524",8.93862610980198
"ENSG00000204525",15.1739194803662
"ENSG00000204528",5.73351167989737
"ENSG00000204531",7.31847418061853
"ENSG00000204536",10.476476014685
"ENSG00000204540",9.25008720563828
"ENSG00000204556",4.14854917917621
"ENSG00000204560",12.6390658279431
"ENSG00000204564",12.5762112173201
"ENSG00000204568",14.3841645611108
"ENSG00000204569",12.3134561058519
"ENSG00000204574",13.6004471251281
"ENSG00000204576",10.4277728231093
"ENSG00000204577",7.60798079781351
"ENSG00000204580",12.3563769727561
"ENSG00000204581",4.14854917917621
"ENSG00000204583",6.02301829709235
"ENSG00000204584",6.02301829709235
"ENSG00000204588",6.95590410123382
"ENSG00000204590",12.8616492461741
"ENSG00000204592",15.8646541166736
"ENSG00000204599",11.1296407166261
"ENSG00000204604",10.402790466552
"ENSG00000204611",9.87646963373941
"ENSG00000204619",13.5642909474663
"ENSG00000204622",6.02301829709235
"ENSG00000204623",11.4184550617153
"ENSG00000204625",6.26402639659615
"ENSG00000204628",16.2783688132153
"ENSG00000204632",7.98985143315716
"ENSG00000204634",14.0286428462862
"ENSG00000204642",12.0851871181788
"ENSG00000204644",4.88551477334242
"ENSG00000204650",11.4492830517945
"ENSG00000204655",8.1181755301327
"ENSG00000204673",11.9877529672732
"ENSG00000204677",6.81151419189864
"ENSG00000204681",14.1574446173133
"ENSG00000204682",8.29150713301826
"ENSG00000204685",9.16349952064219
"ENSG00000204706",5.37094160051266
"ENSG00000204711",5.73351167989737
"ENSG00000204713",12.4719792992288
"ENSG00000204740",6.47047727406358
"ENSG00000204745",7.92113868307314
"ENSG00000204758",7.42156767358263
"ENSG00000204764",10.0634325655383
"ENSG00000204778",6.02301829709235
"ENSG00000204789",12.459919082365
"ENSG00000204790",9.19294329853467
"ENSG00000204794",8.83037321914996
"ENSG00000204802",5.73351167989737
"ENSG00000204805",2.56358667845506
"ENSG00000204815",8.17829652257027
"ENSG00000204822",8.1181755301327
"ENSG00000204832",5.37094160051266
"ENSG00000204837",7.60798079781351
"ENSG00000204839",6.6510495197054
"ENSG00000204842",12.4809587579319
"ENSG00000204843",14.5973537933014
"ENSG00000204850",5.73351167989737
"ENSG00000204851",7.42156767358263
"ENSG00000204852",11.9537556346552
"ENSG00000204856",10.9167335039531
"ENSG00000204859",10.5692112276489
"ENSG00000204860",8.23601202042655
"ENSG00000204882",7.31847418061853
"ENSG00000204899",11.1220073917237
"ENSG00000204904",6.02301829709235
"ENSG00000204909",2.56358667845506
"ENSG00000204920",11.3350761479557
"ENSG00000204922",10.3117795280445
"ENSG00000204923",8.79240536895094
"ENSG00000204929",5.37094160051266
"ENSG00000204934",8.93862610980198
"ENSG00000204936",8.54086660195497
"ENSG00000204946",11.0271110517262
"ENSG00000204947",7.51778298884193
"ENSG00000204950",8.67211113523323
"ENSG00000204954",10.6242826101426
"ENSG00000204956",8.71333379795974
"ENSG00000204957",4.14854917917621
"ENSG00000204959",6.81151419189864
"ENSG00000204977",12.2761136788949
"ENSG00000204991",7.51778298884193
"ENSG00000205002",2.56358667845506
"ENSG00000205018",7.08714863451207
"ENSG00000205038",10.5914926750249
"ENSG00000205041",7.69286969540002
"ENSG00000205045",7.20744286822978
"ENSG00000205047",8.1181755301327
"ENSG00000205054",2.56358667845506
"ENSG00000205060",11.5831774068129
"ENSG00000205078",6.02301829709235
"ENSG00000205084",9.99821490609178
"ENSG00000205085",9.16349952064219
"ENSG00000205089",4.14854917917621
"ENSG00000205090",6.81151419189864
"ENSG00000205100",5.73351167989737
"ENSG00000205105",7.77304004408401
"ENSG00000205106",8.90343668133968
"ENSG00000205111",4.88551477334242
"ENSG00000205129",7.08714863451207
"ENSG00000205133",12.3234748616769
"ENSG00000205138",9.80199141778014
"ENSG00000205147",5.73351167989737
"ENSG00000205155",10.9772146074792
"ENSG00000205181",11.2535846498745
"ENSG00000205189",12.362868299977
"ENSG00000205208",10.214638369634
"ENSG00000205209",8.05543977478473
"ENSG00000205213",13.3909293826892
"ENSG00000205220",8.49432401601794
"ENSG00000205221",12.5163279256415
"ENSG00000205246",11.6747223486898
"ENSG00000205250",12.8685083480367
"ENSG00000205268",15.0561909828417
"ENSG00000205269",11.5551085245308
"ENSG00000205302",13.4667153552674
"ENSG00000205309",10.2709458105359
"ENSG00000205323",7.60798079781351
"ENSG00000205334",8.86736742663216
"ENSG00000205336",13.2011172299804
"ENSG00000205339",15.4796527293543
"ENSG00000205352",12.3334245220845
"ENSG00000205356",11.6430714622819
"ENSG00000205362",9.76325902329142
"ENSG00000205363",12.3267990452695
"ENSG00000205364",11.1220073917237
"ENSG00000205403",12.216431651457
"ENSG00000205413",11.3869539185013
"ENSG00000205423",11.8138850963614
"ENSG00000205436",4.88551477334242
"ENSG00000205456",6.47047727406358
"ENSG00000205464",10.1709169922047
"ENSG00000205476",12.0891074875501
"ENSG00000205482",5.37094160051266
"ENSG00000205485",8.58595449148351
"ENSG00000205502",8.1181755301327
"ENSG00000205517",11.7310048242868
"ENSG00000205531",14.7015384131704
"ENSG00000205534",8.62967586891283
"ENSG00000205542",16.2717006119498
"ENSG00000205544",11.1372338659484
"ENSG00000205559",4.88551477334242
"ENSG00000205560",9.99821490609178
"ENSG00000205562",2.56358667845506
"ENSG00000205571",9.22179816120685
"ENSG00000205572",6.02301829709235
"ENSG00000205578",7.69286969540002
"ENSG00000205579",8.17829652257027
"ENSG00000205581",14.0060118717867
"ENSG00000205583",8.1181755301327
"ENSG00000205593",8.62967586891283
"ENSG00000205609",10.2289225956402
"ENSG00000205629",12.4324092332301
"ENSG00000205639",4.14854917917621
"ENSG00000205643",9.92990889270087
"ENSG00000205659",11.6107105905691
"ENSG00000205664",8.83037321914996
"ENSG00000205670",12.5901101209748
"ENSG00000205678",17.345919473036
"ENSG00000205683",11.594253814702
"ENSG00000205702",5.37094160051266
"ENSG00000205707",13.353935175207
"ENSG00000205710",8.17829652257027
"ENSG00000205726",13.1625696494911
"ENSG00000205730",12.3033672882283
"ENSG00000205740",6.26402639659615
"ENSG00000205744",7.42156767358263
"ENSG00000205746",6.47047727406358
"ENSG00000205758",12.3267990452695
"ENSG00000205763",10.1258291026761
"ENSG00000205765",12.5983856410323
"ENSG00000205771",8.1181755301327
"ENSG00000205786",7.60798079781351
"ENSG00000205791",8.86736742663216
"ENSG00000205795",8.1181755301327
"ENSG00000205808",10.0474024557193
"ENSG00000205832",2.56358667845506
"ENSG00000205835",7.08714863451207
"ENSG00000205837",4.88551477334242
"ENSG00000205838",4.14854917917621
"ENSG00000205853",6.6510495197054
"ENSG00000205861",8.1181755301327
"ENSG00000205863",7.77304004408401
"ENSG00000205871",10.6773288445042
"ENSG00000205885",9.55227136522722
"ENSG00000205903",10.390135165746
"ENSG00000205913",7.08714863451207
"ENSG00000205929",2.56358667845506
"ENSG00000205930",8.17829652257027
"ENSG00000205937",13.7037773816469
"ENSG00000205940",7.20744286822978
"ENSG00000205959",8.71333379795974
"ENSG00000205978",11.9320931399627
"ENSG00000205981",13.4051510261856
"ENSG00000206052",10.9342740852623
"ENSG00000206053",13.3604374737222
"ENSG00000206077",11.0189138987596
"ENSG00000206140",2.56358667845506
"ENSG00000206145",4.88551477334242
"ENSG00000206149",11.0988620550759
"ENSG00000206150",2.56358667845506
"ENSG00000206172",2.56358667845506
"ENSG00000206190",10.0634325655383
"ENSG00000206195",4.88551477334242
"ENSG00000206228",9.99821490609178
"ENSG00000206337",11.3933094135411
"ENSG00000206341",10.1258291026761
"ENSG00000206344",8.86736742663216
"ENSG00000206384",9.52937096311715
"ENSG00000206417",9.33177100323199
"ENSG00000206418",14.2382203402223
"ENSG00000206432",6.02301829709235
"ENSG00000206503",15.5798726605639
"ENSG00000206527",12.9266263087116
"ENSG00000206530",11.4246735844505
"ENSG00000206532",4.88551477334242
"ENSG00000206535",9.91231483268614
"ENSG00000206538",11.9961285788433
"ENSG00000206549",9.82097452114771
"ENSG00000206559",8.3964766926198
"ENSG00000206560",12.7644852834935
"ENSG00000206561",12.5480051372562
"ENSG00000206562",10.6773288445042
"ENSG00000206567",8.71333379795974
"ENSG00000206573",11.8605028853343
"ENSG00000206579",8.23601202042655
"ENSG00000206630",5.73351167989737
"ENSG00000206754",6.6510495197054
"ENSG00000206838",4.88551477334242
"ENSG00000206885",6.02301829709235
"ENSG00000206921",4.88551477334242
"ENSG00000207003",4.14854917917621
"ENSG00000207031",6.81151419189864
"ENSG00000207047",6.02301829709235
"ENSG00000207063",4.88551477334242
"ENSG00000207067",6.26402639659615
"ENSG00000207148",5.73351167989737
"ENSG00000207276",2.56358667845506
"ENSG00000207297",4.14854917917621
"ENSG00000207357",6.6510495197054
"ENSG00000207425",6.6510495197054
"ENSG00000207497",6.02301829709235
"ENSG00000207523",4.14854917917621
"ENSG00000207547",4.14854917917621
"ENSG00000207554",7.08714863451207
"ENSG00000207561",9.43395139803846
"ENSG00000207563",7.08714863451207
"ENSG00000207597",7.51778298884193
"ENSG00000207636",6.02301829709235
"ENSG00000207650",7.77304004408401
"ENSG00000207652",7.31847418061853
"ENSG00000207696",4.14854917917621
"ENSG00000207741",6.02301829709235
"ENSG00000207770",8.71333379795974
"ENSG00000207864",8.54086660195497
"ENSG00000207870",7.08714863451207
"ENSG00000207939",6.26402639659615
"ENSG00000207949",7.31847418061853
"ENSG00000208028",4.88551477334242
"ENSG00000208035",7.69286969540002
"ENSG00000208772",5.73351167989737
"ENSG00000209082",11.9877529672732
"ENSG00000209482",5.73351167989737
"ENSG00000210049",8.97297761459276
"ENSG00000210077",8.75341123733508
"ENSG00000210082",20.8662657598369
"ENSG00000210100",9.96446611473724
"ENSG00000210107",9.91231483268614
"ENSG00000210112",10.9342740852623
"ENSG00000210117",5.73351167989737
"ENSG00000210127",8.23601202042655
"ENSG00000210135",5.37094160051266
"ENSG00000210140",6.6510495197054
"ENSG00000210144",8.29150713301826
"ENSG00000210151",9.92990889270087
"ENSG00000210154",8.05543977478473
"ENSG00000210156",5.37094160051266
"ENSG00000210176",4.88551477334242
"ENSG00000210194",11.3350761479557
"ENSG00000210195",11.7706009986326
"ENSG00000210196",10.214638369634
"ENSG00000211445",17.4504740035378
"ENSG00000211448",10.2430667779605
"ENSG00000211450",10.5692112276489
"ENSG00000211451",8.1181755301327
"ENSG00000211454",5.73351167989737
"ENSG00000211455",15.4985675111089
"ENSG00000211456",13.368524350507
"ENSG00000211459",18.4188688424039
"ENSG00000211460",13.7797262348802
"ENSG00000211513",4.14854917917621
"ENSG00000211553",4.88551477334242
"ENSG00000211584",12.3563769727561
"ENSG00000211598",6.6510495197054
"ENSG00000211644",6.02301829709235
"ENSG00000211648",4.88551477334242
"ENSG00000211651",2.56358667845506
"ENSG00000211653",4.14854917917621
"ENSG00000211659",4.88551477334242
"ENSG00000211660",4.88551477334242
"ENSG00000211662",5.37094160051266
"ENSG00000211663",5.73351167989737
"ENSG00000211666",6.02301829709235
"ENSG00000211668",4.88551477334242
"ENSG00000211671",4.88551477334242
"ENSG00000211673",5.37094160051266
"ENSG00000211677",6.47047727406358
"ENSG00000211679",7.51778298884193
"ENSG00000211689",6.02301829709235
"ENSG00000211772",8.93862610980198
"ENSG00000211829",5.73351167989737
"ENSG00000211890",5.73351167989737
"ENSG00000211892",5.73351167989737
"ENSG00000211893",6.81151419189864
"ENSG00000211895",8.29150713301826
"ENSG00000211896",10.1410155064908
"ENSG00000211897",7.69286969540002
"ENSG00000211898",2.56358667845506
"ENSG00000211899",7.84898889731731
"ENSG00000211938",4.88551477334242
"ENSG00000211943",4.14854917917621
"ENSG00000211947",4.14854917917621
"ENSG00000211949",2.56358667845506
"ENSG00000211953",4.14854917917621
"ENSG00000212123",6.47047727406358
"ENSG00000212124",7.42156767358263
"ENSG00000212125",7.31847418061853
"ENSG00000212127",8.67211113523323
"ENSG00000212232",6.02301829709235
"ENSG00000212283",4.88551477334242
"ENSG00000212443",6.47047727406358
"ENSG00000212588",6.6510495197054
"ENSG00000212607",5.73351167989737
"ENSG00000212664",9.98143919334096
"ENSG00000212670",7.92113868307314
"ENSG00000212694",9.85820742734668
"ENSG00000212719",11.0023785310333
"ENSG00000212743",4.88551477334242
"ENSG00000212747",11.6377281412076
"ENSG00000212766",5.37094160051266
"ENSG00000212789",6.02301829709235
"ENSG00000212802",9.83971108372929
"ENSG00000212829",4.14854917917621
"ENSG00000212864",9.33177100323199
"ENSG00000212907",17.7488880120908
"ENSG00000212916",9.76325902329142
"ENSG00000212978",9.48244991572965
"ENSG00000212993",6.6510495197054
"ENSG00000213015",11.0189138987596
"ENSG00000213018",4.88551477334242
"ENSG00000213020",10.9772146074792
"ENSG00000213024",12.0168573124657
"ENSG00000213025",7.20744286822978
"ENSG00000213036",7.42156767358263
"ENSG00000213047",12.4809587579319
"ENSG00000213051",7.77304004408401
"ENSG00000213057",6.02301829709235
"ENSG00000213062",8.71333379795974
"ENSG00000213064",13.0443768795509
"ENSG00000213066",11.0594417053422
"ENSG00000213071",6.02301829709235
"ENSG00000213073",8.23601202042655
"ENSG00000213079",12.9888025817544
"ENSG00000213080",6.95590410123382
"ENSG00000213085",6.95590410123382
"ENSG00000213087",9.3050536648562
"ENSG00000213088",12.1277361684408
"ENSG00000213089",4.88551477334242
"ENSG00000213090",6.47047727406358
"ENSG00000213096",11.2535846498745
"ENSG00000213104",6.95590410123382
"ENSG00000213108",6.02301829709235
"ENSG00000213123",7.20744286822978
"ENSG00000213139",8.83037321914996
"ENSG00000213144",10.6668744868671
"ENSG00000213145",6.95590410123382
"ENSG00000213160",12.9112080470232
"ENSG00000213169",4.88551477334242
"ENSG00000213171",7.92113868307314
"ENSG00000213178",9.00653017430379
"ENSG00000213186",6.47047727406358
"ENSG00000213189",7.08714863451207
"ENSG00000213190",12.5790017308417
"ENSG00000213199",9.76325902329142
"ENSG00000213203",11.7851737997199
"ENSG00000213205",7.60798079781351
"ENSG00000213213",7.08714863451207
"ENSG00000213214",5.73351167989737
"ENSG00000213216",8.1181755301327
"ENSG00000213221",4.14854917917621
"ENSG00000213222",6.26402639659615
"ENSG00000213225",9.10274548956309
"ENSG00000213228",5.73351167989737
"ENSG00000213236",8.34494639197972
"ENSG00000213240",10.0949681389714
"ENSG00000213246",13.3292871661062
"ENSG00000213250",7.51778298884193
"ENSG00000213252",6.47047727406358
"ENSG00000213253",9.03932010942146
"ENSG00000213261",8.62967586891283
"ENSG00000213269",6.81151419189864
"ENSG00000213272",2.56358667845506
"ENSG00000213279",7.08714863451207
"ENSG00000213280",8.67211113523323
"ENSG00000213281",13.0219932916916
"ENSG00000213290",6.6510495197054
"ENSG00000213300",8.75341123733508
"ENSG00000213305",6.26402639659615
"ENSG00000213312",6.26402639659615
"ENSG00000213315",7.31847418061853
"ENSG00000213326",10.3773678696721
"ENSG00000213331",6.02301829709235
"ENSG00000213337",9.85820742734668
"ENSG00000213339",11.6161547292592
"ENSG00000213341",12.87533499346
"ENSG00000213347",7.77304004408401
"ENSG00000213362",7.51778298884193
"ENSG00000213363",7.08714863451207
"ENSG00000213366",12.7571120389563
"ENSG00000213370",7.20744286822978
"ENSG00000213371",6.26402639659615
"ENSG00000213373",6.47047727406358
"ENSG00000213376",4.14854917917621
"ENSG00000213380",10.2709458105359
"ENSG00000213383",7.42156767358263
"ENSG00000213385",5.73351167989737
"ENSG00000213390",10.9687281415914
"ENSG00000213397",7.60798079781351
"ENSG00000213398",11.3151307375442
"ENSG00000213402",7.69286969540002
"ENSG00000213406",8.49432401601794
"ENSG00000213411",4.14854917917621
"ENSG00000213420",6.02301829709235
"ENSG00000213430",7.20744286822978
"ENSG00000213432",7.08714863451207
"ENSG00000213433",5.73351167989737
"ENSG00000213442",10.1709169922047
"ENSG00000213443",6.95590410123382
"ENSG00000213445",11.4184550617153
"ENSG00000213453",7.51778298884193
"ENSG00000213462",11.3151307375442
"ENSG00000213463",12.5565250146209
"ENSG00000213465",12.1874681684685
"ENSG00000213467",8.49432401601794
"ENSG00000213468",6.26402639659615
"ENSG00000213492",6.81151419189864
"ENSG00000213494",5.73351167989737
"ENSG00000213500",6.6510495197054
"ENSG00000213509",6.81151419189864
"ENSG00000213516",12.6310210392116
"ENSG00000213519",5.37094160051266
"ENSG00000213522",4.88551477334242
"ENSG00000213523",12.4416375911836
"ENSG00000213533",7.92113868307314
"ENSG00000213539",8.79240536895094
"ENSG00000213542",7.77304004408401
"ENSG00000213551",11.4674685241912
"ENSG00000213553",11.0832229312983
"ENSG00000213561",4.14854917917621
"ENSG00000213563",10.9516039638002
"ENSG00000213569",6.26402639659615
"ENSG00000213574",8.62967586891283
"ENSG00000213585",16.2867142987523
"ENSG00000213588",9.91231483268614
"ENSG00000213593",14.0317015648332
"ENSG00000213598",8.1181755301327
"ENSG00000213600",2.56358667845506
"ENSG00000213609",8.29150713301826
"ENSG00000213613",8.34494639197972
"ENSG00000213614",13.0463946351817
"ENSG00000213619",14.5433691091581
"ENSG00000213621",6.6510495197054
"ENSG00000213625",14.7709061049129
"ENSG00000213626",12.9992569393916
"ENSG00000213630",5.37094160051266
"ENSG00000213639",15.8982789661489
"ENSG00000213640",4.14854917917621
"ENSG00000213650",7.92113868307314
"ENSG00000213654",10.3773678696721
"ENSG00000213658",5.37094160051266
"ENSG00000213672",12.5365664645213
"ENSG00000213676",12.9134207699123
"ENSG00000213683",7.20744286822978
"ENSG00000213684",9.59700967999251
"ENSG00000213689",9.64040227550589
"ENSG00000213693",7.51778298884193
"ENSG00000213694",13.2957541041184
"ENSG00000213699",12.3033672882283
"ENSG00000213700",8.79240536895094
"ENSG00000213707",6.02301829709235
"ENSG00000213714",5.73351167989737
"ENSG00000213719",14.5639388559354
"ENSG00000213722",12.5365664645213
"ENSG00000213740",7.08714863451207
"ENSG00000213741",14.621240018419
"ENSG00000213742",8.67211113523323
"ENSG00000213750",6.81151419189864
"ENSG00000213753",11.4308654181647
"ENSG00000213757",10.390135165746
"ENSG00000213760",8.93862610980198
"ENSG00000213762",11.8741994601146
"ENSG00000213763",7.31847418061853
"ENSG00000213770",4.88551477334242
"ENSG00000213772",9.35800254480516
"ENSG00000213777",5.37094160051266
"ENSG00000213780",5.37094160051266
"ENSG00000213782",8.71333379795974
"ENSG00000213790",8.49432401601794
"ENSG00000213793",4.14854917917621
"ENSG00000213799",10.1410155064908
"ENSG00000213839",7.51778298884193
"ENSG00000213846",8.1181755301327
"ENSG00000213853",14.2275894413416
"ENSG00000213856",9.22179816120685
"ENSG00000213859",10.3514892378465
"ENSG00000213860",6.47047727406358
"ENSG00000213862",8.86736742663216
"ENSG00000213864",8.29150713301826
"ENSG00000213865",10.0147977902874
"ENSG00000213866",11.2324716627213
"ENSG00000213867",8.1181755301327
"ENSG00000213881",7.08714863451207
"ENSG00000213885",7.20744286822978
"ENSG00000213888",7.31847418061853
"ENSG00000213889",7.84898889731731
"ENSG00000213901",8.62967586891283
"ENSG00000213903",9.83971108372929
"ENSG00000213904",7.77304004408401
"ENSG00000213918",10.8443574485857
"ENSG00000213923",14.1186550697884
"ENSG00000213928",9.22179816120685
"ENSG00000213930",12.0812560665889
"ENSG00000213937",5.73351167989737
"ENSG00000213939",9.33177100323199
"ENSG00000213942",7.60798079781351
"ENSG00000213949",14.1032301846931
"ENSG00000213963",8.67211113523323
"ENSG00000213965",11.3612482043088
"ENSG00000213967",6.26402639659615
"ENSG00000213970",7.98985143315716
"ENSG00000213971",9.68252775117857
"ENSG00000213973",4.88551477334242
"ENSG00000213976",6.81151419189864
"ENSG00000213977",10.898977033149
"ENSG00000213983",11.5380012682606
"ENSG00000213988",8.34494639197972
"ENSG00000213995",12.3267990452695
"ENSG00000213996",6.47047727406358
"ENSG00000214013",12.1653574668628
"ENSG00000214018",7.08714863451207
"ENSG00000214019",4.88551477334242
"ENSG00000214021",11.4734797622251
"ENSG00000214022",13.4439354866111
"ENSG00000214026",11.9708544426998
"ENSG00000214029",9.83971108372929
"ENSG00000214046",12.6812297798441
"ENSG00000214050",7.20744286822978
"ENSG00000214063",11.4553703816734
"ENSG00000214078",12.0891074875501
"ENSG00000214087",11.3218098931818
"ENSG00000214097",13.0861682097099
"ENSG00000214100",5.37094160051266
"ENSG00000214106",10.0311922285381
"ENSG00000214110",10.2846858671622
"ENSG00000214113",12.0930172326012
"ENSG00000214114",10.8900161655774
"ENSG00000214121",6.02301829709235
"ENSG00000214135",12.8978599637622
"ENSG00000214140",9.48244991572965
"ENSG00000214146",2.56358667845506
"ENSG00000214160",11.1220073917237
"ENSG00000214174",11.6851201957951
"ENSG00000214176",11.5664016940621
"ENSG00000214182",8.90343668133968
"ENSG00000214188",6.95590410123382
"ENSG00000214189",7.31847418061853
"ENSG00000214192",7.20744286822978
"ENSG00000214193",8.71333379795974
"ENSG00000214194",14.3921198889107
"ENSG00000214198",6.47047727406358
"ENSG00000214199",10.1104811383427
"ENSG00000214203",7.92113868307314
"ENSG00000214204",5.73351167989737
"ENSG00000214212",7.77304004408401
"ENSG00000214222",7.31847418061853
"ENSG00000214223",9.40907672939943
"ENSG00000214226",7.98985143315716
"ENSG00000214253",14.5945985858928
"ENSG00000214264",8.67211113523323
"ENSG00000214269",6.6510495197054
"ENSG00000214274",9.80199141778014
"ENSG00000214279",8.23601202042655
"ENSG00000214289",6.26402639659615
"ENSG00000214290",8.23601202042655
"ENSG00000214293",10.2982962986809
"ENSG00000214297",6.47047727406358
"ENSG00000214309",7.69286969540002
"ENSG00000214313",4.88551477334242
"ENSG00000214331",10.4401036250201
"ENSG00000214357",14.2452643336647
"ENSG00000214367",11.1372338659484
"ENSG00000214376",4.88551477334242
"ENSG00000214389",12.0534346388944
"ENSG00000214391",7.08714863451207
"ENSG00000214401",8.97297761459276
"ENSG00000214402",8.4462297278169
"ENSG00000214413",12.4508072939234
"ENSG00000214425",9.89450355656967
"ENSG00000214432",5.37094160051266
"ENSG00000214439",7.60798079781351
"ENSG00000214455",9.33177100323199
"ENSG00000214456",13.7416290073199
"ENSG00000214460",9.59700967999251
"ENSG00000214465",4.88551477334242
"ENSG00000214485",9.57481393387831
"ENSG00000214491",5.73351167989737
"ENSG00000214517",12.7620317199074
"ENSG00000214530",12.6256328161755
"ENSG00000214535",9.43395139803846
"ENSG00000214541",6.95590410123382
"ENSG00000214544",6.6510495197054
"ENSG00000214548",13.7076075477219
"ENSG00000214552",6.26402639659615
"ENSG00000214562",8.71333379795974
"ENSG00000214575",6.6510495197054
"ENSG00000214578",7.08714863451207
"ENSG00000214593",7.31847418061853
"ENSG00000214595",8.23601202042655
"ENSG00000214612",6.47047727406358
"ENSG00000214617",9.5061011837943
"ENSG00000214652",7.69286969540002
"ENSG00000214654",7.98985143315716
"ENSG00000214655",13.374961371965
"ENSG00000214688",2.56358667845506
"ENSG00000214694",6.02301829709235
"ENSG00000214706",12.7018584786273
"ENSG00000214708",6.47047727406358
"ENSG00000214711",7.08714863451207
"ENSG00000214719",6.6510495197054
"ENSG00000214753",13.0443768795509
"ENSG00000214756",8.83037321914996
"ENSG00000214765",12.223582570885
"ENSG00000214772",2.56358667845506
"ENSG00000214776",5.73351167989737
"ENSG00000214783",7.92113868307314
"ENSG00000214784",9.72345801523345
"ENSG00000214787",8.62967586891283
"ENSG00000214796",6.02301829709235
"ENSG00000214803",4.14854917917621
"ENSG00000214810",7.51778298884193
"ENSG00000214820",8.17829652257027
"ENSG00000214826",8.93862610980198
"ENSG00000214827",8.05543977478473
"ENSG00000214832",7.60798079781351
"ENSG00000214837",6.81151419189864
"ENSG00000214842",5.73351167989737
"ENSG00000214851",2.56358667845506
"ENSG00000214870",6.81151419189864
"ENSG00000214881",8.1181755301327
"ENSG00000214900",6.26402639659615
"ENSG00000214914",7.08714863451207
"ENSG00000214922",9.89450355656967
"ENSG00000214941",12.1764551757461
"ENSG00000214944",9.43395139803846
"ENSG00000214954",6.95590410123382
"ENSG00000214960",9.55227136522722
"ENSG00000214973",7.60798079781351
"ENSG00000214975",6.95590410123382
"ENSG00000214982",9.00653017430379
"ENSG00000215003",6.81151419189864
"ENSG00000215005",7.08714863451207
"ENSG00000215006",6.47047727406358
"ENSG00000215007",7.20744286822978
"ENSG00000215012",10.5579401153139
"ENSG00000215014",4.14854917917621
"ENSG00000215018",9.57481393387831
"ENSG00000215021",14.641403799351
"ENSG00000215022",7.08714863451207
"ENSG00000215030",12.6093463398377
"ENSG00000215039",11.9750976664671
"ENSG00000215041",11.9835468563029
"ENSG00000215063",5.37094160051266
"ENSG00000215067",8.97297761459276
"ENSG00000215068",8.79240536895094
"ENSG00000215086",8.05543977478473
"ENSG00000215102",5.73351167989737
"ENSG00000215105",10.9856514446279
"ENSG00000215114",12.7669346814348
"ENSG00000215126",4.14854917917621
"ENSG00000215142",6.26402639659615
"ENSG00000215146",7.92113868307314
"ENSG00000215154",7.51778298884193
"ENSG00000215158",9.16349952064219
"ENSG00000215187",7.69286969540002
"ENSG00000215190",10.4153357198711
"ENSG00000215193",12.6629344888583
"ENSG00000215210",6.26402639659615
"ENSG00000215218",13.8770366194181
"ENSG00000215237",7.08714863451207
"ENSG00000215241",6.02301829709235
"ENSG00000215244",6.02301829709235
"ENSG00000215246",12.3201430009791
"ENSG00000215251",13.0013387507787
"ENSG00000215252",12.7297497611012
"ENSG00000215256",11.4308654181647
"ENSG00000215271",10.5692112276489
"ENSG00000215284",6.95590410123382
"ENSG00000215301",16.0806408710481
"ENSG00000215302",7.60798079781351
"ENSG00000215305",11.6642490174603
"ENSG00000215319",6.95590410123382
"ENSG00000215347",5.73351167989737
"ENSG00000215349",7.08714863451207
"ENSG00000215374",7.31847418061853
"ENSG00000215375",9.59700967999251
"ENSG00000215386",12.0044558460659
"ENSG00000215414",7.84898889731731
"ENSG00000215417",9.10274548956309
"ENSG00000215421",11.594253814702
"ENSG00000215424",8.97297761459276
"ENSG00000215440",9.78275519891722
"ENSG00000215447",8.54086660195497
"ENSG00000215452",6.6510495197054
"ENSG00000215458",4.14854917917621
"ENSG00000215481",4.14854917917621
"ENSG00000215482",8.67211113523323
"ENSG00000215492",10.1258291026761
"ENSG00000215513",10.3514892378465
"ENSG00000215527",5.37094160051266
"ENSG00000215533",7.08714863451207
"ENSG00000215548",8.58595449148351
"ENSG00000215572",7.51778298884193
"ENSG00000215595",6.02301829709235
"ENSG00000215630",7.08714863451207
"ENSG00000215712",12.570613945349
"ENSG00000215717",13.5572327384717
"ENSG00000215769",9.27783219612118
"ENSG00000215784",5.37094160051266
"ENSG00000215788",9.94729097092911
"ENSG00000215790",8.3964766926198
"ENSG00000215817",8.49432401601794
"ENSG00000215835",8.90343668133968
"ENSG00000215840",4.14854917917621
"ENSG00000215841",6.81151419189864
"ENSG00000215845",10.898977033149
"ENSG00000215861",12.4839395338701
"ENSG00000215883",9.64040227550589
"ENSG00000215895",6.47047727406358
"ENSG00000215902",6.26402639659615
"ENSG00000215908",10.8719257085945
"ENSG00000215910",7.69286969540002
"ENSG00000215912",6.6510495197054
"ENSG00000215915",6.47047727406358
"ENSG00000215991",6.02301829709235
"ENSG00000216285",4.88551477334242
"ENSG00000216490",5.73351167989737
"ENSG00000216624",4.14854917917621
"ENSG00000216657",6.47047727406358
"ENSG00000216775",10.4644534864358
"ENSG00000216863",6.26402639659615
"ENSG00000216866",8.29150713301826
"ENSG00000216895",8.29150713301826
"ENSG00000216901",6.6510495197054
"ENSG00000216937",9.07138131865375
"ENSG00000217026",8.05543977478473
"ENSG00000217027",10.2002112989987
"ENSG00000217094",9.38376564087025
"ENSG00000217128",12.9244337626347
"ENSG00000217130",6.26402639659615
"ENSG00000217239",7.08714863451207
"ENSG00000217241",8.23601202042655
"ENSG00000217275",4.88551477334242
"ENSG00000217330",5.73351167989737
"ENSG00000217416",6.47047727406358
"ENSG00000217555",7.92113868307314
"ENSG00000217624",8.34494639197972
"ENSG00000217643",7.08714863451207
"ENSG00000217648",7.77304004408401
"ENSG00000217716",5.73351167989737
"ENSG00000217801",2.56358667845506
"ENSG00000217835",6.47047727406358
"ENSG00000217930",9.22179816120685
"ENSG00000217950",4.14854917917621
"ENSG00000218018",7.92113868307314
"ENSG00000218052",5.73351167989737
"ENSG00000218175",11.7005777905353
"ENSG00000218208",6.81151419189864
"ENSG00000218227",9.82097452114771
"ENSG00000218265",4.88551477334242
"ENSG00000218283",11.8186152482738
"ENSG00000218336",10.2846858671622
"ENSG00000218418",8.86736742663216
"ENSG00000218422",4.88551477334242
"ENSG00000218426",11.7509387516556
"ENSG00000218502",6.6510495197054
"ENSG00000218510",10.3514892378465
"ENSG00000218537",6.81151419189864
"ENSG00000218582",9.85820742734668
"ENSG00000218631",4.14854917917621
"ENSG00000218682",5.73351167989737
"ENSG00000218739",13.6870614766992
"ENSG00000218891",9.57481393387831
"ENSG00000219023",6.26402639659615
"ENSG00000219085",6.47047727406358
"ENSG00000219102",6.6510495197054
"ENSG00000219133",7.69286969540002
"ENSG00000219149",7.08714863451207
"ENSG00000219186",4.14854917917621
"ENSG00000219200",8.23601202042655
"ENSG00000219201",7.08714863451207
"ENSG00000219355",4.14854917917621
"ENSG00000219438",7.20744286822978
"ENSG00000219451",8.17829652257027
"ENSG00000219470",6.95590410123382
"ENSG00000219481",12.3789699742686
"ENSG00000219487",6.6510495197054
"ENSG00000219507",8.71333379795974
"ENSG00000219545",11.892261605783
"ENSG00000219607",8.62967586891283
"ENSG00000219626",10.0634325655383
"ENSG00000219665",10.1104811383427
"ENSG00000219747",6.81151419189864
"ENSG00000219755",4.14854917917621
"ENSG00000219806",7.42156767358263
"ENSG00000219891",8.05543977478473
"ENSG00000219928",8.62967586891283
"ENSG00000219986",8.29150713301826
"ENSG00000220032",6.02301829709235
"ENSG00000220157",4.88551477334242
"ENSG00000220201",6.26402639659615
"ENSG00000220205",13.6370588324315
"ENSG00000220305",5.37094160051266
"ENSG00000220472",10.4523299273533
"ENSG00000220517",6.26402639659615
"ENSG00000220563",8.29150713301826
"ENSG00000220583",9.55227136522722
"ENSG00000220685",5.73351167989737
"ENSG00000220744",5.73351167989737
"ENSG00000220749",10.2430667779605
"ENSG00000220785",10.7779057992558
"ENSG00000220793",4.14854917917621
"ENSG00000220804",8.05543977478473
"ENSG00000220842",9.98143919334096
"ENSG00000220848",8.1181755301327
"ENSG00000220875",6.47047727406358
"ENSG00000221184",7.31847418061853
"ENSG00000221340",5.73351167989737
"ENSG00000221500",5.73351167989737
"ENSG00000221539",5.73351167989737
"ENSG00000221571",4.14854917917621
"ENSG00000221595",4.14854917917621
"ENSG00000221625",8.75341123733508
"ENSG00000221643",8.23601202042655
"ENSG00000221716",4.88551477334242
"ENSG00000221792",7.51778298884193
"ENSG00000221817",9.43395139803846
"ENSG00000221818",12.5536906423126
"ENSG00000221821",8.05543977478473
"ENSG00000221823",12.7669346814348
"ENSG00000221829",9.13344228678601
"ENSG00000221838",10.5351302324058
"ENSG00000221866",13.0684056660879
"ENSG00000221869",12.3400197108998
"ENSG00000221883",7.31847418061853
"ENSG00000221886",9.48244991572965
"ENSG00000221890",13.0403328823945
"ENSG00000221909",10.3773678696721
"ENSG00000221914",13.2544576877474
"ENSG00000221916",6.26402639659615
"ENSG00000221923",11.9537556346552
"ENSG00000221926",11.0514267122781
"ENSG00000221930",4.88551477334242
"ENSG00000221944",9.43395139803846
"ENSG00000221946",4.88551477334242
"ENSG00000221947",7.20744286822978
"ENSG00000221949",5.37094160051266
"ENSG00000221953",6.02301829709235
"ENSG00000221955",5.73351167989737
"ENSG00000221963",11.7056937357576
"ENSG00000221968",13.7552628248075
"ENSG00000221972",7.20744286822978
"ENSG00000221978",14.6685129822628
"ENSG00000221983",15.3759645672219
"ENSG00000221986",4.14854917917621
"ENSG00000221988",11.725978007212
"ENSG00000221990",9.3050536648562
"ENSG00000221994",9.40907672939943
"ENSG00000221995",11.2743931121544
"ENSG00000222005",5.37094160051266
"ENSG00000222009",11.0514267122781
"ENSG00000222011",10.5235886105231
"ENSG00000222014",6.81151419189864
"ENSG00000222019",6.6510495197054
"ENSG00000222020",5.37094160051266
"ENSG00000222040",10.7779057992558
"ENSG00000222041",10.8900161655774
"ENSG00000222043",4.14854917917621
"ENSG00000222047",5.73351167989737
"ENSG00000222112",8.1181755301327
"ENSG00000222267",2.56358667845506
"ENSG00000222301",7.60798079781351
"ENSG00000222421",5.73351167989737
"ENSG00000222455",6.26402639659615
"ENSG00000222894",7.08714863451207
"ENSG00000222937",6.95590410123382
"ENSG00000223249",5.37094160051266
"ENSG00000223302",7.08714863451207
"ENSG00000223318",4.88551477334242
"ENSG00000223343",5.37094160051266
"ENSG00000223345",6.47047727406358
"ENSG00000223356",5.73351167989737
"ENSG00000223361",10.2002112989987
"ENSG00000223380",13.0664184825218
"ENSG00000223382",4.88551477334242
"ENSG00000223393",2.56358667845506
"ENSG00000223396",9.19294329853467
"ENSG00000223403",5.73351167989737
"ENSG00000223414",9.27783219612118
"ENSG00000223459",7.77304004408401
"ENSG00000223473",7.84898889731731
"ENSG00000223474",5.37094160051266
"ENSG00000223477",6.95590410123382
"ENSG00000223478",7.92113868307314
"ENSG00000223482",11.7360141871005
"ENSG00000223496",10.2982962986809
"ENSG00000223501",13.171841500433
"ENSG00000223502",4.14854917917621
"ENSG00000223508",9.3050536648562
"ENSG00000223509",9.5061011837943
"ENSG00000223529",8.17829652257027
"ENSG00000223546",9.16349952064219
"ENSG00000223547",12.5365664645213
"ENSG00000223551",7.08714863451207
"ENSG00000223552",5.73351167989737
"ENSG00000223558",2.56358667845506
"ENSG00000223561",7.77304004408401
"ENSG00000223573",4.14854917917621
"ENSG00000223599",6.81151419189864
"ENSG00000223653",2.56358667845506
"ENSG00000223656",6.81151419189864
"ENSG00000223658",7.92113868307314
"ENSG00000223676",4.88551477334242
"ENSG00000223678",7.42156767358263
"ENSG00000223685",6.47047727406358
"ENSG00000223692",6.02301829709235
"ENSG00000223695",7.08714863451207
"ENSG00000223704",7.98985143315716
"ENSG00000223705",11.4184550617153
"ENSG00000223722",6.02301829709235
"ENSG00000223745",11.14478726038
"ENSG00000223749",7.60798079781351
"ENSG00000223756",8.3964766926198
"ENSG00000223764",5.73351167989737
"ENSG00000223768",9.27783219612118
"ENSG00000223774",7.51778298884193
"ENSG00000223776",5.37094160051266
"ENSG00000223779",6.47047727406358
"ENSG00000223784",6.6510495197054
"ENSG00000223797",9.64040227550589
"ENSG00000223799",6.02301829709235
"ENSG00000223802",4.88551477334242
"ENSG00000223803",7.84898889731731
"ENSG00000223804",4.88551477334242
"ENSG00000223812",6.6510495197054
"ENSG00000223813",4.88551477334242
"ENSG00000223820",6.26402639659615
"ENSG00000223825",7.51778298884193
"ENSG00000223839",6.02301829709235
"ENSG00000223849",6.26402639659615
"ENSG00000223855",11.8091393847107
"ENSG00000223864",6.81151419189864
"ENSG00000223865",13.3781691443613
"ENSG00000223877",6.81151419189864
"ENSG00000223891",11.0514267122781
"ENSG00000223916",6.02301829709235
"ENSG00000223923",4.88551477334242
"ENSG00000223929",6.26402639659615
"ENSG00000223930",7.60798079781351
"ENSG00000223935",6.02301829709235
"ENSG00000223959",11.9961285788433
"ENSG00000223960",10.8443574485857
"ENSG00000223969",7.42156767358263
"ENSG00000223984",7.42156767358263
"ENSG00000224004",9.87646963373941
"ENSG00000224005",6.47047727406358
"ENSG00000224011",5.73351167989737
"ENSG00000224020",5.73351167989737
"ENSG00000224023",7.51778298884193
"ENSG00000224032",10.9772146074792
"ENSG00000224043",8.29150713301826
"ENSG00000224046",7.31847418061853
"ENSG00000224051",11.5664016940621
"ENSG00000224063",7.84898889731731
"ENSG00000224066",7.08714863451207
"ENSG00000224067",2.56358667845506
"ENSG00000224078",15.1945363052879
"ENSG00000224080",9.10274548956309
"ENSG00000224081",8.05543977478473
"ENSG00000224086",7.60798079781351
"ENSG00000224094",10.5914926750249
"ENSG00000224097",5.37094160051266
"ENSG00000224106",2.56358667845506
"ENSG00000224113",10.4523299273533
"ENSG00000224114",8.86736742663216
"ENSG00000224152",9.5061011837943
"ENSG00000224163",10.7875883526532
"ENSG00000224165",7.69286969540002
"ENSG00000224167",2.56358667845506
"ENSG00000224183",8.83037321914996
"ENSG00000224186",5.73351167989737
"ENSG00000224189",7.92113868307314
"ENSG00000224215",5.73351167989737
"ENSG00000224236",4.88551477334242
"ENSG00000224238",2.56358667845506
"ENSG00000224251",2.56358667845506
"ENSG00000224259",4.88551477334242
"ENSG00000224261",7.31847418061853
"ENSG00000224272",2.56358667845506
"ENSG00000224281",8.75341123733508
"ENSG00000224287",7.08714863451207
"ENSG00000224292",5.73351167989737
"ENSG00000224295",6.02301829709235
"ENSG00000224307",7.31847418061853
"ENSG00000224318",5.37094160051266
"ENSG00000224358",6.81151419189864
"ENSG00000224376",6.26402639659615
"ENSG00000224383",6.02301829709235
"ENSG00000224389",10.6773288445042
"ENSG00000224397",8.3964766926198
"ENSG00000224411",11.14478726038
"ENSG00000224415",9.07138131865375
"ENSG00000224418",6.6510495197054
"ENSG00000224420",4.14854917917621
"ENSG00000224424",6.47047727406358
"ENSG00000224429",5.37094160051266
"ENSG00000224470",13.1588441599041
"ENSG00000224474",7.08714863451207
"ENSG00000224479",6.02301829709235
"ENSG00000224505",8.34494639197972
"ENSG00000224531",12.7422515294615
"ENSG00000224536",6.6510495197054
"ENSG00000224541",5.37094160051266
"ENSG00000224543",6.02301829709235
"ENSG00000224546",9.43395139803846
"ENSG00000224550",10.7875883526532
"ENSG00000224578",9.99821490609178
"ENSG00000224596",6.81151419189864
"ENSG00000224597",12.0969164107609
"ENSG00000224616",8.86736742663216
"ENSG00000224628",6.47047727406358
"ENSG00000224631",12.3033672882283
"ENSG00000224635",5.37094160051266
"ENSG00000224646",8.1181755301327
"ENSG00000224650",6.95590410123382
"ENSG00000224660",11.4614321344606
"ENSG00000224668",8.58595449148351
"ENSG00000224680",6.02301829709235
"ENSG00000224687",8.05543977478473
"ENSG00000224689",7.51778298884193
"ENSG00000224699",7.60798079781351
"ENSG00000224712",4.14854917917621
"ENSG00000224713",9.55227136522722
"ENSG00000224722",6.6510495197054
"ENSG00000224729",8.23601202042655
"ENSG00000224738",7.08714863451207
"ENSG00000224745",6.81151419189864
"ENSG00000224746",5.37094160051266
"ENSG00000224769",7.77304004408401
"ENSG00000224773",7.84898889731731
"ENSG00000224781",9.27783219612118
"ENSG00000224786",6.02301829709235
"ENSG00000224790",5.37094160051266
"ENSG00000224805",5.37094160051266
"ENSG00000224812",5.73351167989737
"ENSG00000224818",8.58595449148351
"ENSG00000224825",5.37094160051266
"ENSG00000224831",8.1181755301327
"ENSG00000224837",7.77304004408401
"ENSG00000224839",5.73351167989737
"ENSG00000224842",4.88551477334242
"ENSG00000224843",7.31847418061853
"ENSG00000224846",4.88551477334242
"ENSG00000224848",6.81151419189864
"ENSG00000224856",6.81151419189864
"ENSG00000224858",8.67211113523323
"ENSG00000224861",12.049415987157
"ENSG00000224870",11.0189138987596
"ENSG00000224877",11.57760714877
"ENSG00000224882",5.37094160051266
"ENSG00000224886",8.05543977478473
"ENSG00000224888",4.88551477334242
"ENSG00000224892",6.6510495197054
"ENSG00000224897",8.67211113523323
"ENSG00000224903",2.56358667845506
"ENSG00000224905",2.56358667845506
"ENSG00000224908",4.88551477334242
"ENSG00000224911",2.56358667845506
"ENSG00000224914",8.97297761459276
"ENSG00000224934",8.29150713301826
"ENSG00000224940",7.77304004408401
"ENSG00000224945",4.88551477334242
"ENSG00000224950",7.42156767358263
"ENSG00000224956",6.26402639659615
"ENSG00000224957",6.81151419189864
"ENSG00000224958",8.05543977478473
"ENSG00000224961",4.88551477334242
"ENSG00000224975",8.97297761459276
"ENSG00000224982",6.95590410123382
"ENSG00000224985",4.14854917917621
"ENSG00000224993",6.95590410123382
"ENSG00000224997",6.6510495197054
"ENSG00000225022",8.54086660195497
"ENSG00000225031",10.6025056677474
"ENSG00000225032",9.72345801523345
"ENSG00000225051",6.26402639659615
"ENSG00000225062",5.73351167989737
"ENSG00000225067",6.81151419189864
"ENSG00000225071",5.73351167989737
"ENSG00000225083",4.14854917917621
"ENSG00000225093",9.07138131865375
"ENSG00000225094",6.26402639659615
"ENSG00000225096",4.88551477334242
"ENSG00000225099",6.26402639659615
"ENSG00000225113",6.6510495197054
"ENSG00000225119",7.51778298884193
"ENSG00000225125",7.69286969540002
"ENSG00000225131",7.42156767358263
"ENSG00000225135",10.0474024557193
"ENSG00000225137",8.58595449148351
"ENSG00000225138",7.60798079781351
"ENSG00000225151",8.58595449148351
"ENSG00000225159",6.6510495197054
"ENSG00000225170",6.81151419189864
"ENSG00000225171",5.73351167989737
"ENSG00000225177",7.77304004408401
"ENSG00000225190",12.2377789466007
"ENSG00000225193",5.73351167989737
"ENSG00000225194",7.31847418061853
"ENSG00000225200",10.7385123609557
"ENSG00000225205",6.6510495197054
"ENSG00000225210",2.56358667845506
"ENSG00000225213",8.05543977478473
"ENSG00000225217",11.1220073917237
"ENSG00000225224",6.81151419189864
"ENSG00000225241",11.218222706983
"ENSG00000225259",6.81151419189864
"ENSG00000225264",7.51778298884193
"ENSG00000225265",7.31847418061853
"ENSG00000225267",6.81151419189864
"ENSG00000225278",6.02301829709235
"ENSG00000225285",4.88551477334242
"ENSG00000225302",7.20744286822978
"ENSG00000225315",4.88551477334242
"ENSG00000225331",5.73351167989737
"ENSG00000225335",4.88551477334242
"ENSG00000225338",8.97297761459276
"ENSG00000225339",6.95590410123382
"ENSG00000225342",6.81151419189864
"ENSG00000225345",8.1181755301327
"ENSG00000225361",6.6510495197054
"ENSG00000225362",6.47047727406358
"ENSG00000225373",6.81151419189864
"ENSG00000225377",10.2002112989987
"ENSG00000225383",4.14854917917621
"ENSG00000225398",6.81151419189864
"ENSG00000225399",8.05543977478473
"ENSG00000225402",6.26402639659615
"ENSG00000225408",4.88551477334242
"ENSG00000225416",7.92113868307314
"ENSG00000225417",5.73351167989737
"ENSG00000225419",4.14854917917621
"ENSG00000225422",7.84898889731731
"ENSG00000225434",6.6510495197054
"ENSG00000225439",9.59700967999251
"ENSG00000225447",4.88551477334242
"ENSG00000225449",6.47047727406358
"ENSG00000225450",5.37094160051266
"ENSG00000225465",5.73351167989737
"ENSG00000225470",12.0044558460659
"ENSG00000225471",8.3964766926198
"ENSG00000225472",9.27783219612118
"ENSG00000225484",10.1410155064908
"ENSG00000225485",13.2155352891785
"ENSG00000225486",6.26402639659615
"ENSG00000225487",5.73351167989737
"ENSG00000225492",8.05543977478473
"ENSG00000225496",6.95590410123382
"ENSG00000225511",5.73351167989737
"ENSG00000225518",4.14854917917621
"ENSG00000225519",5.73351167989737
"ENSG00000225526",2.56358667845506
"ENSG00000225527",5.73351167989737
"ENSG00000225531",5.37094160051266
"ENSG00000225535",4.88551477334242
"ENSG00000225536",7.60798079781351
"ENSG00000225555",4.14854917917621
"ENSG00000225573",9.72345801523345
"ENSG00000225580",6.26402639659615
"ENSG00000225614",7.69286969540002
"ENSG00000225616",8.75341123733508
"ENSG00000225630",11.7996008703551
"ENSG00000225643",5.37094160051266
"ENSG00000225648",13.0096360851716
"ENSG00000225649",7.31847418061853
"ENSG00000225655",5.73351167989737
"ENSG00000225663",9.40907672939943
"ENSG00000225670",9.55227136522722
"ENSG00000225674",8.29150713301826
"ENSG00000225684",4.88551477334242
"ENSG00000225695",4.88551477334242
"ENSG00000225697",11.6589837012476
"ENSG00000225704",6.02301829709235
"ENSG00000225706",6.47047727406358
"ENSG00000225710",8.54086660195497
"ENSG00000225721",7.31847418061853
"ENSG00000225731",5.37094160051266
"ENSG00000225733",14.667857807392
"ENSG00000225746",6.47047727406358
"ENSG00000225756",6.26402639659615
"ENSG00000225766",6.02301829709235
"ENSG00000225778",7.08714863451207
"ENSG00000225783",9.66161876141559
"ENSG00000225784",6.47047727406358
"ENSG00000225787",6.47047727406358
"ENSG00000225791",10.7385123609557
"ENSG00000225792",4.14854917917621
"ENSG00000225793",7.20744286822978
"ENSG00000225806",6.02301829709235
"ENSG00000225822",4.88551477334242
"ENSG00000225828",9.16349952064219
"ENSG00000225830",11.225364776227
"ENSG00000225855",8.23601202042655
"ENSG00000225857",4.14854917917621
"ENSG00000225873",5.73351167989737
"ENSG00000225880",7.20744286822978
"ENSG00000225883",5.37094160051266
"ENSG00000225889",7.69286969540002
"ENSG00000225891",4.88551477334242
"ENSG00000225892",7.92113868307314
"ENSG00000225912",9.61886911395625
"ENSG00000225918",5.73351167989737
"ENSG00000225921",12.6603018329436
"ENSG00000225938",7.98985143315716
"ENSG00000225964",4.88551477334242
"ENSG00000225968",9.19294329853467
"ENSG00000225972",11.1143334638383
"ENSG00000225973",10.1410155064908
"ENSG00000225975",6.6510495197054
"ENSG00000225978",6.47047727406358
"ENSG00000226002",7.31847418061853
"ENSG00000226005",8.49432401601794
"ENSG00000226009",6.47047727406358
"ENSG00000226015",9.19294329853467
"ENSG00000226026",6.47047727406358
"ENSG00000226029",6.02301829709235
"ENSG00000226040",7.31847418061853
"ENSG00000226049",8.34494639197972
"ENSG00000226051",6.47047727406358
"ENSG00000226054",6.02301829709235
"ENSG00000226055",5.37094160051266
"ENSG00000226067",5.37094160051266
"ENSG00000226068",7.51778298884193
"ENSG00000226074",9.43395139803846
"ENSG00000226084",9.27783219612118
"ENSG00000226085",8.05543977478473
"ENSG00000226086",7.42156767358263
"ENSG00000226091",6.26402639659615
"ENSG00000226094",7.98985143315716
"ENSG00000226098",7.08714863451207
"ENSG00000226107",4.88551477334242
"ENSG00000226121",7.69286969540002
"ENSG00000226124",7.84898889731731
"ENSG00000226126",5.73351167989737
"ENSG00000226137",10.5235886105231
"ENSG00000226145",6.26402639659615
"ENSG00000226174",4.14854917917621
"ENSG00000226180",4.88551477334242
"ENSG00000226194",4.88551477334242
"ENSG00000226197",7.31847418061853
"ENSG00000226200",9.80199141778014
"ENSG00000226210",9.458404441763
"ENSG00000226221",10.7385123609557
"ENSG00000226237",7.51778298884193
"ENSG00000226243",10.1258291026761
"ENSG00000226251",6.47047727406358
"ENSG00000226259",9.458404441763
"ENSG00000226266",7.31847418061853
"ENSG00000226268",7.08714863451207
"ENSG00000226281",7.20744286822978
"ENSG00000226284",5.73351167989737
"ENSG00000226287",4.88551477334242
"ENSG00000226306",15.7029781488743
"ENSG00000226312",6.02301829709235
"ENSG00000226314",9.33177100323199
"ENSG00000226328",9.98143919334096
"ENSG00000226329",2.56358667845506
"ENSG00000226332",8.62967586891283
"ENSG00000226352",4.14854917917621
"ENSG00000226360",11.21104510491
"ENSG00000226380",9.78275519891722
"ENSG00000226381",9.74349576846999
"ENSG00000226396",6.81151419189864
"ENSG00000226403",10.5692112276489
"ENSG00000226415",10.4644534864358
"ENSG00000226419",8.75341123733508
"ENSG00000226432",7.08714863451207
"ENSG00000226439",6.02301829709235
"ENSG00000226441",4.14854917917621
"ENSG00000226445",6.02301829709235
"ENSG00000226450",4.88551477334242
"ENSG00000226453",7.08714863451207
"ENSG00000226465",5.73351167989737
"ENSG00000226471",8.54086660195497
"ENSG00000226478",6.26402639659615
"ENSG00000226479",12.2692190658165
"ENSG00000226496",4.88551477334242
"ENSG00000226499",7.08714863451207
"ENSG00000226505",2.56358667845506
"ENSG00000226519",4.14854917917621
"ENSG00000226524",8.29150713301826
"ENSG00000226525",10.4883991820608
"ENSG00000226532",7.69286969540002
"ENSG00000226564",10.6773288445042
"ENSG00000226578",4.88551477334242
"ENSG00000226580",8.79240536895094
"ENSG00000226608",9.78275519891722
"ENSG00000226636",6.02301829709235
"ENSG00000226648",5.37094160051266
"ENSG00000226666",7.60798079781351
"ENSG00000226673",5.73351167989737
"ENSG00000226674",6.02301829709235
"ENSG00000226679",4.88551477334242
"ENSG00000226686",10.0474024557193
"ENSG00000226688",9.89450355656967
"ENSG00000226696",9.07138131865375
"ENSG00000226709",4.14854917917621
"ENSG00000226711",8.79240536895094
"ENSG00000226721",7.31847418061853
"ENSG00000226723",7.31847418061853
"ENSG00000226742",10.3514892378465
"ENSG00000226747",4.14854917917621
"ENSG00000226751",6.02301829709235
"ENSG00000226752",12.1690661965167
"ENSG00000226754",6.6510495197054
"ENSG00000226756",6.02301829709235
"ENSG00000226763",4.14854917917621
"ENSG00000226781",5.37094160051266
"ENSG00000226784",8.79240536895094
"ENSG00000226790",8.4462297278169
"ENSG00000226791",4.88551477334242
"ENSG00000226803",5.73351167989737
"ENSG00000226808",8.75341123733508
"ENSG00000226816",6.81151419189864
"ENSG00000226823",7.84898889731731
"ENSG00000226824",7.92113868307314
"ENSG00000226833",9.10274548956309
"ENSG00000226835",2.56358667845506
"ENSG00000226849",6.02301829709235
"ENSG00000226853",8.3964766926198
"ENSG00000226855",7.60798079781351
"ENSG00000226862",5.73351167989737
"ENSG00000226864",5.73351167989737
"ENSG00000226887",11.7803325366504
"ENSG00000226891",7.92113868307314
"ENSG00000226900",11.3151307375442
"ENSG00000226913",6.26402639659615
"ENSG00000226920",7.77304004408401
"ENSG00000226944",7.20744286822978
"ENSG00000226948",7.20744286822978
"ENSG00000226950",14.2060897072356
"ENSG00000226953",5.37094160051266
"ENSG00000226964",4.88551477334242
"ENSG00000226970",5.37094160051266
"ENSG00000226976",8.4462297278169
"ENSG00000226979",2.56358667845506
"ENSG00000227001",4.88551477334242
"ENSG00000227008",9.13344228678601
"ENSG00000227034",7.20744286822978
"ENSG00000227036",5.73351167989737
"ENSG00000227039",7.60798079781351
"ENSG00000227040",5.73351167989737
"ENSG00000227051",10.0474024557193
"ENSG00000227057",11.8787362407114
"ENSG00000227060",6.02301829709235
"ENSG00000227063",11.0910636845155
"ENSG00000227070",5.73351167989737
"ENSG00000227071",4.88551477334242
"ENSG00000227073",6.81151419189864
"ENSG00000227076",7.42156767358263
"ENSG00000227077",6.47047727406358
"ENSG00000227081",10.7779057992558
"ENSG00000227082",8.34494639197972
"ENSG00000227097",12.2829754993971
"ENSG00000227110",6.95590410123382
"ENSG00000227118",5.73351167989737
"ENSG00000227124",8.79240536895094
"ENSG00000227145",4.14854917917621
"ENSG00000227155",2.56358667845506
"ENSG00000227160",5.73351167989737
"ENSG00000227165",5.73351167989737
"ENSG00000227176",5.73351167989737
"ENSG00000227184",7.42156767358263
"ENSG00000227191",5.37094160051266
"ENSG00000227192",4.88551477334242
"ENSG00000227199",9.59700967999251
"ENSG00000227203",5.73351167989737
"ENSG00000227232",10.0792865167391
"ENSG00000227242",10.4523299273533
"ENSG00000227252",7.51778298884193
"ENSG00000227256",5.37094160051266
"ENSG00000227258",8.29150713301826
"ENSG00000227260",5.73351167989737
"ENSG00000227268",7.20744286822978
"ENSG00000227285",7.84898889731731
"ENSG00000227295",8.3964766926198
"ENSG00000227304",6.02301829709235
"ENSG00000227311",6.95590410123382
"ENSG00000227318",6.47047727406358
"ENSG00000227345",11.3151307375442
"ENSG00000227347",8.4462297278169
"ENSG00000227354",8.23601202042655
"ENSG00000227359",4.14854917917621
"ENSG00000227370",4.14854917917621
"ENSG00000227372",12.6603018329436
"ENSG00000227373",6.6510495197054
"ENSG00000227375",4.14854917917621
"ENSG00000227376",8.86736742663216
"ENSG00000227382",5.73351167989737
"ENSG00000227388",6.6510495197054
"ENSG00000227398",8.05543977478473
"ENSG00000227449",7.77304004408401
"ENSG00000227450",5.37094160051266
"ENSG00000227456",6.26402639659615
"ENSG00000227477",5.37094160051266
"ENSG00000227486",6.47047727406358
"ENSG00000227495",6.26402639659615
"ENSG00000227500",10.2289225956402
"ENSG00000227502",5.37094160051266
"ENSG00000227507",4.88551477334242
"ENSG00000227525",6.26402639659615
"ENSG00000227533",6.95590410123382
"ENSG00000227540",8.1181755301327
"ENSG00000227542",6.81151419189864
"ENSG00000227543",6.81151419189864
"ENSG00000227544",9.40907672939943
"ENSG00000227558",8.93862610980198
"ENSG00000227586",6.26402639659615
"ENSG00000227591",6.95590410123382
"ENSG00000227603",7.31847418061853
"ENSG00000227615",11.892261605783
"ENSG00000227627",6.02301829709235
"ENSG00000227630",5.73351167989737
"ENSG00000227653",6.47047727406358
"ENSG00000227671",12.362868299977
"ENSG00000227682",7.42156767358263
"ENSG00000227694",6.6510495197054
"ENSG00000227695",4.14854917917621
"ENSG00000227704",4.88551477334242
"ENSG00000227725",6.26402639659615
"ENSG00000227729",11.7360141871005
"ENSG00000227733",6.47047727406358
"ENSG00000227740",4.88551477334242
"ENSG00000227741",5.37094160051266
"ENSG00000227765",7.42156767358263
"ENSG00000227766",6.81151419189864
"ENSG00000227781",6.47047727406358
"ENSG00000227782",4.88551477334242
"ENSG00000227799",4.14854917917621
"ENSG00000227811",8.83037321914996
"ENSG00000227825",8.79240536895094
"ENSG00000227844",7.20744286822978
"ENSG00000227855",7.69286969540002
"ENSG00000227857",2.56358667845506
"ENSG00000227885",2.56358667845506
"ENSG00000227887",6.47047727406358
"ENSG00000227896",6.6510495197054
"ENSG00000227908",4.88551477334242
"ENSG00000227917",4.14854917917621
"ENSG00000227921",7.69286969540002
"ENSG00000227939",7.60798079781351
"ENSG00000227946",9.13344228678601
"ENSG00000227953",8.54086660195497
"ENSG00000227954",7.42156767358263
"ENSG00000227959",4.88551477334242
"ENSG00000227963",6.26402639659615
"ENSG00000227973",7.60798079781351
"ENSG00000227986",6.81151419189864
"ENSG00000227992",7.31847418061853
"ENSG00000228007",7.20744286822978
"ENSG00000228010",7.84898889731731
"ENSG00000228013",6.02301829709235
"ENSG00000228016",5.37094160051266
"ENSG00000228022",6.6510495197054
"ENSG00000228035",5.37094160051266
"ENSG00000228037",6.26402639659615
"ENSG00000228043",5.37094160051266
"ENSG00000228053",6.81151419189864
"ENSG00000228057",6.81151419189864
"ENSG00000228063",7.20744286822978
"ENSG00000228065",8.4462297278169
"ENSG00000228071",6.6510495197054
"ENSG00000228084",7.98985143315716
"ENSG00000228089",6.6510495197054
"ENSG00000228106",9.52937096311715
"ENSG00000228107",4.88551477334242
"ENSG00000228109",7.31847418061853
"ENSG00000228110",7.51778298884193
"ENSG00000228118",5.73351167989737
"ENSG00000228124",4.88551477334242
"ENSG00000228126",4.14854917917621
"ENSG00000228146",8.4462297278169
"ENSG00000228150",6.47047727406358
"ENSG00000228158",2.56358667845506
"ENSG00000228169",7.08714863451207
"ENSG00000228172",6.02301829709235
"ENSG00000228175",8.34494639197972
"ENSG00000228192",7.84898889731731
"ENSG00000228203",6.26402639659615
"ENSG00000228205",9.40907672939943
"ENSG00000228214",7.20744286822978
"ENSG00000228217",8.05543977478473
"ENSG00000228218",9.55227136522722
"ENSG00000228223",11.5206887200173
"ENSG00000228224",4.88551477334242
"ENSG00000228232",12.7044164492281
"ENSG00000228242",4.88551477334242
"ENSG00000228251",5.37094160051266
"ENSG00000228252",5.37094160051266
"ENSG00000228253",16.1670971210479
"ENSG00000228264",5.73351167989737
"ENSG00000228265",6.6510495197054
"ENSG00000228274",9.52937096311715
"ENSG00000228275",6.26402639659615
"ENSG00000228283",6.47047727406358
"ENSG00000228285",4.88551477334242
"ENSG00000228288",4.88551477334242
"ENSG00000228300",8.90343668133968
"ENSG00000228305",7.77304004408401
"ENSG00000228307",7.51778298884193
"ENSG00000228314",4.88551477334242
"ENSG00000228315",5.37094160051266
"ENSG00000228327",7.60798079781351
"ENSG00000228328",8.79240536895094
"ENSG00000228335",7.77304004408401
"ENSG00000228340",8.67211113523323
"ENSG00000228360",4.14854917917621
"ENSG00000228363",6.26402639659615
"ENSG00000228389",6.6510495197054
"ENSG00000228393",8.58595449148351
"ENSG00000228395",7.42156767358263
"ENSG00000228397",4.88551477334242
"ENSG00000228399",6.47047727406358
"ENSG00000228401",7.77304004408401
"ENSG00000228407",6.81151419189864
"ENSG00000228409",9.59700967999251
"ENSG00000228427",4.88551477334242
"ENSG00000228434",8.29150713301826
"ENSG00000228436",8.75341123733508
"ENSG00000228439",9.458404441763
"ENSG00000228444",4.88551477334242
"ENSG00000228451",9.40907672939943
"ENSG00000228463",7.08714863451207
"ENSG00000228474",14.3673142050082
"ENSG00000228484",2.56358667845506
"ENSG00000228486",9.38376564087025
"ENSG00000228501",8.90343668133968
"ENSG00000228502",9.10274548956309
"ENSG00000228506",7.51778298884193
"ENSG00000228519",7.08714863451207
"ENSG00000228522",7.08714863451207
"ENSG00000228532",4.88551477334242
"ENSG00000228536",6.95590410123382
"ENSG00000228544",7.84898889731731
"ENSG00000228589",9.83971108372929
"ENSG00000228590",4.88551477334242
"ENSG00000228594",7.60798079781351
"ENSG00000228606",5.37094160051266
"ENSG00000228623",10.7972063552148
"ENSG00000228624",4.14854917917621
"ENSG00000228638",9.64040227550589
"ENSG00000228649",8.86736742663216
"ENSG00000228657",7.60798079781351
"ENSG00000228672",10.5351302324058
"ENSG00000228695",4.14854917917621
"ENSG00000228696",8.05543977478473
"ENSG00000228701",7.20744286822978
"ENSG00000228716",10.5579401153139
"ENSG00000228727",2.56358667845506
"ENSG00000228775",7.69286969540002
"ENSG00000228782",9.22179816120685
"ENSG00000228784",6.95590410123382
"ENSG00000228789",5.37094160051266
"ENSG00000228791",6.02301829709235
"ENSG00000228794",14.2496494283505
"ENSG00000228797",6.81151419189864
"ENSG00000228798",7.92113868307314
"ENSG00000228801",8.86736742663216
"ENSG00000228812",5.73351167989737
"ENSG00000228817",6.02301829709235
"ENSG00000228818",8.29150713301826
"ENSG00000228834",8.49432401601794
"ENSG00000228839",4.88551477334242
"ENSG00000228847",7.77304004408401
"ENSG00000228861",5.37094160051266
"ENSG00000228877",4.14854917917621
"ENSG00000228878",8.93862610980198
"ENSG00000228887",8.67211113523323
"ENSG00000228888",6.26402639659615
"ENSG00000228889",8.29150713301826
"ENSG00000228903",8.4462297278169
"ENSG00000228906",7.92113868307314
"ENSG00000228923",5.73351167989737
"ENSG00000228929",11.1672130234412
"ENSG00000228956",6.02301829709235
"ENSG00000228960",6.47047727406358
"ENSG00000228962",6.47047727406358
"ENSG00000228973",7.60798079781351
"ENSG00000228981",4.88551477334242
"ENSG00000228989",8.71333379795974
"ENSG00000228998",10.0147977902874
"ENSG00000229017",4.88551477334242
"ENSG00000229018",6.26402639659615
"ENSG00000229019",9.07138131865375
"ENSG00000229022",5.73351167989737
"ENSG00000229036",6.81151419189864
"ENSG00000229043",9.43395139803846
"ENSG00000229044",5.73351167989737
"ENSG00000229081",4.14854917917621
"ENSG00000229091",7.20744286822978
"ENSG00000229097",4.14854917917621
"ENSG00000229106",5.73351167989737
"ENSG00000229108",8.79240536895094
"ENSG00000229116",6.6510495197054
"ENSG00000229117",14.7218807820591
"ENSG00000229119",8.05543977478473
"ENSG00000229124",8.83037321914996
"ENSG00000229127",7.42156767358263
"ENSG00000229132",10.402790466552
"ENSG00000229133",7.20744286822978
"ENSG00000229152",9.52937096311715
"ENSG00000229153",2.56358667845506
"ENSG00000229161",6.47047727406358
"ENSG00000229164",8.29150713301826
"ENSG00000229167",6.6510495197054
"ENSG00000229180",10.4523299273533
"ENSG00000229184",6.02301829709235
"ENSG00000229186",9.48244991572965
"ENSG00000229204",7.20744286822978
"ENSG00000229212",7.69286969540002
"ENSG00000229221",8.86736742663216
"ENSG00000229222",2.56358667845506
"ENSG00000229237",5.37094160051266
"ENSG00000229238",8.23601202042655
"ENSG00000229246",5.73351167989737
"ENSG00000229273",6.26402639659615
"ENSG00000229278",4.14854917917621
"ENSG00000229299",4.14854917917621
"ENSG00000229320",9.96446611473724
"ENSG00000229334",6.95590410123382
"ENSG00000229344",12.1874681684685
"ENSG00000229348",4.14854917917621
"ENSG00000229358",10.1258291026761
"ENSG00000229388",7.08714863451207
"ENSG00000229391",7.77304004408401
"ENSG00000229417",6.02301829709235
"ENSG00000229419",7.98985143315716
"ENSG00000229447",6.6510495197054
"ENSG00000229472",5.73351167989737
"ENSG00000229474",7.84898889731731
"ENSG00000229481",9.76325902329142
"ENSG00000229498",5.37094160051266
"ENSG00000229503",4.88551477334242
"ENSG00000229512",4.14854917917621
"ENSG00000229525",4.14854917917621
"ENSG00000229539",6.26402639659615
"ENSG00000229567",8.71333379795974
"ENSG00000229585",4.88551477334242
"ENSG00000229587",5.37094160051266
"ENSG00000229588",5.37094160051266
"ENSG00000229589",7.42156767358263
"ENSG00000229593",7.08714863451207
"ENSG00000229596",7.20744286822978
"ENSG00000229598",6.02301829709235
"ENSG00000229604",7.51778298884193
"ENSG00000229605",7.20744286822978
"ENSG00000229619",12.1983977286268
"ENSG00000229638",12.3201430009791
"ENSG00000229644",10.5235886105231
"ENSG00000229645",10.7972063552148
"ENSG00000229648",2.56358667845506
"ENSG00000229656",6.81151419189864
"ENSG00000229659",8.54086660195497
"ENSG00000229666",6.26402639659615
"ENSG00000229676",4.14854917917621
"ENSG00000229689",7.60798079781351
"ENSG00000229692",9.07138131865375
"ENSG00000229694",6.02301829709235
"ENSG00000229715",10.4401036250201
"ENSG00000229728",5.37094160051266
"ENSG00000229729",9.22179816120685
"ENSG00000229739",4.14854917917621
"ENSG00000229752",7.20744286822978
"ENSG00000229754",4.88551477334242
"ENSG00000229782",5.37094160051266
"ENSG00000229789",8.05543977478473
"ENSG00000229801",6.6510495197054
"ENSG00000229807",17.8501083433584
"ENSG00000229808",4.14854917917621
"ENSG00000229809",9.92990889270087
"ENSG00000229816",6.95590410123382
"ENSG00000229828",6.47047727406358
"ENSG00000229833",9.38376564087025
"ENSG00000229847",5.73351167989737
"ENSG00000229852",7.69286969540002
"ENSG00000229867",5.37094160051266
"ENSG00000229891",6.26402639659615
"ENSG00000229901",4.14854917917621
"ENSG00000229931",8.23601202042655
"ENSG00000229932",6.81151419189864
"ENSG00000229944",7.42156767358263
"ENSG00000229951",4.88551477334242
"ENSG00000229953",6.6510495197054
"ENSG00000229956",6.47047727406358
"ENSG00000229980",8.05543977478473
"ENSG00000229994",8.86736742663216
"ENSG00000230002",7.69286969540002
"ENSG00000230006",6.26402639659615
"ENSG00000230011",2.56358667845506
"ENSG00000230037",7.31847418061853
"ENSG00000230042",9.07138131865375
"ENSG00000230043",9.5061011837943
"ENSG00000230055",12.3367258851747
"ENSG00000230067",7.20744286822978
"ENSG00000230069",6.6510495197054
"ENSG00000230071",5.73351167989737
"ENSG00000230074",8.05543977478473
"ENSG00000230076",7.51778298884193
"ENSG00000230082",7.42156767358263
"ENSG00000230084",8.75341123733508
"ENSG00000230091",7.51778298884193
"ENSG00000230092",4.88551477334242
"ENSG00000230102",6.26402639659615
"ENSG00000230124",9.70313803085385
"ENSG00000230148",8.17829652257027
"ENSG00000230149",6.47047727406358
"ENSG00000230155",5.73351167989737
"ENSG00000230162",4.14854917917621
"ENSG00000230177",7.92113868307314
"ENSG00000230185",5.73351167989737
"ENSG00000230189",7.08714863451207
"ENSG00000230202",11.7509387516556
"ENSG00000230204",7.08714863451207
"ENSG00000230207",9.87646963373941
"ENSG00000230216",8.90343668133968
"ENSG00000230267",7.60798079781351
"ENSG00000230291",10.0634325655383
"ENSG00000230295",6.6510495197054
"ENSG00000230303",6.26402639659615
"ENSG00000230306",5.37094160051266
"ENSG00000230310",5.73351167989737
"ENSG00000230311",6.81151419189864
"ENSG00000230316",2.56358667845506
"ENSG00000230323",4.14854917917621
"ENSG00000230325",6.02301829709235
"ENSG00000230330",8.29150713301826
"ENSG00000230333",5.37094160051266
"ENSG00000230359",5.37094160051266
"ENSG00000230362",7.51778298884193
"ENSG00000230364",8.97297761459276
"ENSG00000230371",4.14854917917621
"ENSG00000230373",9.78275519891722
"ENSG00000230383",7.08714863451207
"ENSG00000230393",6.47047727406358
"ENSG00000230409",7.69286969540002
"ENSG00000230415",7.08714863451207
"ENSG00000230424",6.6510495197054
"ENSG00000230438",5.37094160051266
"ENSG00000230439",4.14854917917621
"ENSG00000230442",8.3964766926198
"ENSG00000230445",9.3050536648562
"ENSG00000230454",7.60798079781351
"ENSG00000230457",8.23601202042655
"ENSG00000230461",6.81151419189864
"ENSG00000230479",6.95590410123382
"ENSG00000230487",9.458404441763
"ENSG00000230490",6.95590410123382
"ENSG00000230510",6.6510495197054
"ENSG00000230513",7.42156767358263
"ENSG00000230521",6.02301829709235
"ENSG00000230530",5.73351167989737
"ENSG00000230532",6.6510495197054
"ENSG00000230537",6.47047727406358
"ENSG00000230551",12.4354919161142
"ENSG00000230555",8.1181755301327
"ENSG00000230561",6.6510495197054
"ENSG00000230562",6.81151419189864
"ENSG00000230580",7.42156767358263
"ENSG00000230587",8.1181755301327
"ENSG00000230590",10.5803949661416
"ENSG00000230592",8.05543977478473
"ENSG00000230596",4.88551477334242
"ENSG00000230606",9.85820742734668
"ENSG00000230613",6.6510495197054
"ENSG00000230626",6.47047727406358
"ENSG00000230629",10.1410155064908
"ENSG00000230630",9.40907672939943
"ENSG00000230633",9.35800254480516
"ENSG00000230658",7.31847418061853
"ENSG00000230666",6.6510495197054
"ENSG00000230667",7.77304004408401
"ENSG00000230673",6.95590410123382
"ENSG00000230679",4.88551477334242
"ENSG00000230701",5.73351167989737
"ENSG00000230715",9.458404441763
"ENSG00000230724",9.59700967999251
"ENSG00000230732",6.26402639659615
"ENSG00000230734",9.07138131865375
"ENSG00000230746",6.47047727406358
"ENSG00000230747",4.14854917917621
"ENSG00000230753",5.37094160051266
"ENSG00000230756",9.91231483268614
"ENSG00000230772",8.4462297278169
"ENSG00000230777",6.26402639659615
"ENSG00000230793",6.02301829709235
"ENSG00000230795",9.10274548956309
"ENSG00000230797",8.4462297278169
"ENSG00000230798",4.88551477334242
"ENSG00000230812",2.56358667845506
"ENSG00000230825",2.56358667845506
"ENSG00000230832",6.6510495197054
"ENSG00000230837",8.75341123733508
"ENSG00000230844",10.2570736359544
"ENSG00000230849",7.08714863451207
"ENSG00000230850",7.69286969540002
"ENSG00000230870",5.37094160051266
"ENSG00000230876",4.88551477334242
"ENSG00000230880",6.02301829709235
"ENSG00000230896",7.84898889731731
"ENSG00000230897",9.87646963373941
"ENSG00000230910",9.48244991572965
"ENSG00000230912",5.37094160051266
"ENSG00000230916",9.52937096311715
"ENSG00000230918",6.95590410123382
"ENSG00000230939",2.56358667845506
"ENSG00000230970",6.6510495197054
"ENSG00000230979",10.1410155064908
"ENSG00000230989",14.5246745684524
"ENSG00000231006",4.14854917917621
"ENSG00000231007",5.73351167989737
"ENSG00000231013",7.60798079781351
"ENSG00000231025",9.40907672939943
"ENSG00000231028",5.73351167989737
"ENSG00000231043",8.93862610980198
"ENSG00000231050",6.6510495197054
"ENSG00000231064",6.95590410123382
"ENSG00000231074",12.6864146732627
"ENSG00000231086",6.02301829709235
"ENSG00000231105",4.14854917917621
"ENSG00000231113",7.20744286822978
"ENSG00000231119",9.33177100323199
"ENSG00000231120",4.88551477334242
"ENSG00000231125",6.02301829709235
"ENSG00000231154",7.98985143315716
"ENSG00000231160",9.07138131865375
"ENSG00000231167",10.7184047875072
"ENSG00000231170",8.93862610980198
"ENSG00000231177",7.20744286822978
"ENSG00000231181",6.95590410123382
"ENSG00000231185",5.73351167989737
"ENSG00000231187",5.73351167989737
"ENSG00000231203",6.02301829709235
"ENSG00000231205",6.47047727406358
"ENSG00000231233",7.42156767358263
"ENSG00000231234",9.25008720563828
"ENSG00000231242",8.17829652257027
"ENSG00000231245",8.34494639197972
"ENSG00000231246",7.20744286822978
"ENSG00000231249",7.69286969540002
"ENSG00000231252",5.73351167989737
"ENSG00000231259",8.90343668133968
"ENSG00000231274",9.13344228678601
"ENSG00000231290",4.14854917917621
"ENSG00000231298",5.73351167989737
"ENSG00000231312",10.5235886105231
"ENSG00000231313",4.88551477334242
"ENSG00000231327",5.73351167989737
"ENSG00000231341",7.20744286822978
"ENSG00000231346",5.73351167989737
"ENSG00000231351",6.81151419189864
"ENSG00000231360",4.14854917917621
"ENSG00000231365",10.0634325655383
"ENSG00000231367",2.56358667845506
"ENSG00000231369",9.68252775117857
"ENSG00000231389",14.2936321813343
"ENSG00000231407",7.31847418061853
"ENSG00000231409",6.02301829709235
"ENSG00000231414",9.66161876141559
"ENSG00000231416",6.95590410123382
"ENSG00000231419",8.29150713301826
"ENSG00000231434",7.20744286822978
"ENSG00000231437",7.51778298884193
"ENSG00000231441",2.56358667845506
"ENSG00000231449",2.56358667845506
"ENSG00000231466",6.95590410123382
"ENSG00000231473",5.73351167989737
"ENSG00000231496",2.56358667845506
"ENSG00000231500",16.2378893076672
"ENSG00000231503",8.17829652257027
"ENSG00000231507",6.02301829709235
"ENSG00000231518",7.51778298884193
"ENSG00000231521",5.73351167989737
"ENSG00000231528",4.88551477334242
"ENSG00000231531",5.37094160051266
"ENSG00000231549",8.71333379795974
"ENSG00000231584",11.1143334638383
"ENSG00000231587",6.47047727406358
"ENSG00000231595",7.60798079781351
"ENSG00000231607",8.97297761459276
"ENSG00000231611",6.02301829709235
"ENSG00000231613",2.56358667845506
"ENSG00000231616",2.56358667845506
"ENSG00000231638",2.56358667845506
"ENSG00000231646",5.37094160051266
"ENSG00000231652",6.47047727406358
"ENSG00000231663",8.83037321914996
"ENSG00000231665",4.88551477334242
"ENSG00000231666",2.56358667845506
"ENSG00000231672",6.6510495197054
"ENSG00000231684",7.92113868307314
"ENSG00000231702",6.6510495197054
"ENSG00000231711",9.13344228678601
"ENSG00000231721",12.2342429275735
"ENSG00000231728",2.56358667845506
"ENSG00000231738",7.92113868307314
"ENSG00000231742",6.81151419189864
"ENSG00000231747",9.22179816120685
"ENSG00000231767",9.59700967999251
"ENSG00000231768",8.05543977478473
"ENSG00000231769",6.95590410123382
"ENSG00000231770",8.58595449148351
"ENSG00000231784",5.37094160051266
"ENSG00000231789",6.95590410123382
"ENSG00000231793",6.02301829709235
"ENSG00000231811",12.4012146116265
"ENSG00000231817",6.26402639659615
"ENSG00000231822",4.14854917917621
"ENSG00000231826",4.88551477334242
"ENSG00000231831",6.6510495197054
"ENSG00000231841",5.73351167989737
"ENSG00000231848",5.37094160051266
"ENSG00000231852",2.56358667845506
"ENSG00000231856",7.84898889731731
"ENSG00000231871",6.02301829709235
"ENSG00000231878",5.73351167989737
"ENSG00000231880",6.02301829709235
"ENSG00000231884",6.47047727406358
"ENSG00000231889",9.35800254480516
"ENSG00000231890",4.88551477334242
"ENSG00000231908",7.51778298884193
"ENSG00000231909",6.02301829709235
"ENSG00000231925",13.175533620275
"ENSG00000231940",8.1181755301327
"ENSG00000231943",6.26402639659615
"ENSG00000231952",7.84898889731731
"ENSG00000231969",4.88551477334242
"ENSG00000231970",5.37094160051266
"ENSG00000231971",4.88551477334242
"ENSG00000231989",4.14854917917621
"ENSG00000231991",9.70313803085385
"ENSG00000231993",5.37094160051266
"ENSG00000231995",4.88551477334242
"ENSG00000231999",9.07138131865375
"ENSG00000232000",6.02301829709235
"ENSG00000232002",8.34494639197972
"ENSG00000232004",7.77304004408401
"ENSG00000232022",5.73351167989737
"ENSG00000232023",5.37094160051266
"ENSG00000232024",6.47047727406358
"ENSG00000232040",8.1181755301327
"ENSG00000232044",5.73351167989737
"ENSG00000232046",2.56358667845506
"ENSG00000232056",6.02301829709235
"ENSG00000232057",6.26402639659615
"ENSG00000232060",6.81151419189864
"ENSG00000232063",7.20744286822978
"ENSG00000232070",7.31847418061853
"ENSG00000232079",6.47047727406358
"ENSG00000232082",6.26402639659615
"ENSG00000232093",4.14854917917621
"ENSG00000232098",8.97297761459276
"ENSG00000232104",6.26402639659615
"ENSG00000232110",4.88551477334242
"ENSG00000232112",14.2320285065081
"ENSG00000232119",12.3067380725676
"ENSG00000232129",4.88551477334242
"ENSG00000232134",7.92113868307314
"ENSG00000232150",4.88551477334242
"ENSG00000232160",9.5061011837943
"ENSG00000232176",7.42156767358263
"ENSG00000232177",7.69286969540002
"ENSG00000232186",4.14854917917621
"ENSG00000232187",8.3964766926198
"ENSG00000232194",5.73351167989737
"ENSG00000232208",4.14854917917621
"ENSG00000232224",6.47047727406358
"ENSG00000232228",7.60798079781351
"ENSG00000232229",6.47047727406358
"ENSG00000232260",6.95590410123382
"ENSG00000232274",5.73351167989737
"ENSG00000232284",5.73351167989737
"ENSG00000232295",6.95590410123382
"ENSG00000232303",7.20744286822978
"ENSG00000232310",6.02301829709235
"ENSG00000232311",5.37094160051266
"ENSG00000232320",9.52937096311715
"ENSG00000232336",6.26402639659615
"ENSG00000232346",8.17829652257027
"ENSG00000232352",7.84898889731731
"ENSG00000232362",7.42156767358263
"ENSG00000232368",5.73351167989737
"ENSG00000232372",6.6510495197054
"ENSG00000232385",8.58595449148351
"ENSG00000232388",12.6497229034824
"ENSG00000232389",8.05543977478473
"ENSG00000232406",4.14854917917621
"ENSG00000232412",7.31847418061853
"ENSG00000232415",4.14854917917621
"ENSG00000232442",8.97297761459276
"ENSG00000232450",4.88551477334242
"ENSG00000232453",8.23601202042655
"ENSG00000232454",5.73351167989737
"ENSG00000232472",10.7484620213633
"ENSG00000232479",6.47047727406358
"ENSG00000232480",4.88551477334242
"ENSG00000232485",7.08714863451207
"ENSG00000232489",5.37094160051266
"ENSG00000232498",2.56358667845506
"ENSG00000232499",7.42156767358263
"ENSG00000232527",9.52937096311715
"ENSG00000232531",4.88551477334242
"ENSG00000232533",9.22179816120685
"ENSG00000232545",8.54086660195497
"ENSG00000232546",5.37094160051266
"ENSG00000232553",6.02301829709235
"ENSG00000232559",10.6773288445042
"ENSG00000232561",9.43395139803846
"ENSG00000232573",10.5579401153139
"ENSG00000232586",7.69286969540002
"ENSG00000232590",4.88551477334242
"ENSG00000232593",8.83037321914996
"ENSG00000232600",2.56358667845506
"ENSG00000232611",9.38376564087025
"ENSG00000232629",7.31847418061853
"ENSG00000232633",2.56358667845506
"ENSG00000232637",9.00653017430379
"ENSG00000232645",6.26402639659615
"ENSG00000232648",5.37094160051266
"ENSG00000232653",6.81151419189864
"ENSG00000232656",12.0168573124657
"ENSG00000232665",5.73351167989737
"ENSG00000232671",5.37094160051266
"ENSG00000232677",11.6161547292592
"ENSG00000232699",6.02301829709235
"ENSG00000232702",8.4462297278169
"ENSG00000232713",6.26402639659615
"ENSG00000232742",8.3964766926198
"ENSG00000232745",5.73351167989737
"ENSG00000232759",8.79240536895094
"ENSG00000232774",6.95590410123382
"ENSG00000232788",6.02301829709235
"ENSG00000232801",7.92113868307314
"ENSG00000232807",8.29150713301826
"ENSG00000232810",7.31847418061853
"ENSG00000232818",8.49432401601794
"ENSG00000232829",6.26402639659615
"ENSG00000232833",6.6510495197054
"ENSG00000232838",8.34494639197972
"ENSG00000232842",7.42156767358263
"ENSG00000232855",8.1181755301327
"ENSG00000232858",8.83037321914996
"ENSG00000232859",10.7184047875072
"ENSG00000232872",5.73351167989737
"ENSG00000232874",4.14854917917621
"ENSG00000232876",6.26402639659615
"ENSG00000232888",8.79240536895094
"ENSG00000232901",5.73351167989737
"ENSG00000232903",6.6510495197054
"ENSG00000232907",4.88551477334242
"ENSG00000232912",5.73351167989737
"ENSG00000232917",5.73351167989737
"ENSG00000232931",11.196581875598
"ENSG00000232940",6.26402639659615
"ENSG00000232949",6.81151419189864
"ENSG00000232951",7.08714863451207
"ENSG00000232952",6.26402639659615
"ENSG00000232956",11.5494286154584
"ENSG00000232973",7.42156767358263
"ENSG00000232977",8.23601202042655
"ENSG00000232995",8.1181755301327
"ENSG00000233006",11.0271110517262
"ENSG00000233008",7.31847418061853
"ENSG00000233016",11.7209336138179
"ENSG00000233029",2.56358667845506
"ENSG00000233030",4.88551477334242
"ENSG00000233038",7.60798079781351
"ENSG00000233045",5.37094160051266
"ENSG00000233055",4.88551477334242
"ENSG00000233058",8.23601202042655
"ENSG00000233084",4.88551477334242
"ENSG00000233087",8.34494639197972
"ENSG00000233090",4.88551477334242
"ENSG00000233098",6.81151419189864
"ENSG00000233101",5.37094160051266
"ENSG00000233110",5.37094160051266
"ENSG00000233111",7.42156767358263
"ENSG00000233117",12.956977135899
"ENSG00000233121",4.14854917917621
"ENSG00000233131",4.14854917917621
"ENSG00000233137",13.2786906876912
"ENSG00000233154",6.81151419189864
"ENSG00000233170",7.84898889731731
"ENSG00000233175",4.14854917917621
"ENSG00000233184",11.0988620550759
"ENSG00000233214",6.02301829709235
"ENSG00000233218",4.14854917917621
"ENSG00000233223",8.83037321914996
"ENSG00000233225",6.6510495197054
"ENSG00000233229",7.08714863451207
"ENSG00000233230",7.08714863451207
"ENSG00000233237",10.3773678696721
"ENSG00000233247",6.26402639659615
"ENSG00000233250",6.02301829709235
"ENSG00000233251",11.0514267122781
"ENSG00000233254",6.02301829709235
"ENSG00000233266",6.95590410123382
"ENSG00000233270",8.17829652257027
"ENSG00000233276",12.7791196782007
"ENSG00000233280",11.9793284467451
"ENSG00000233325",6.47047727406358
"ENSG00000233328",8.34494639197972
"ENSG00000233334",6.02301829709235
"ENSG00000233347",6.6510495197054
"ENSG00000233354",2.56358667845506
"ENSG00000233355",5.37094160051266
"ENSG00000233369",9.458404441763
"ENSG00000233380",6.26402639659615
"ENSG00000233381",7.20744286822978
"ENSG00000233382",7.60798079781351
"ENSG00000233396",8.58595449148351
"ENSG00000233406",6.02301829709235
"ENSG00000233426",8.58595449148351
"ENSG00000233429",8.58595449148351
"ENSG00000233452",8.62967586891283
"ENSG00000233461",8.67211113523323
"ENSG00000233467",7.42156767358263
"ENSG00000233476",11.8696483678834
"ENSG00000233483",6.47047727406358
"ENSG00000233485",5.73351167989737
"ENSG00000233503",5.73351167989737
"ENSG00000233509",7.31847418061853
"ENSG00000233514",7.20744286822978
"ENSG00000233527",9.22179816120685
"ENSG00000233547",6.81151419189864
"ENSG00000233554",7.69286969540002
"ENSG00000233558",9.5061011837943
"ENSG00000233559",6.47047727406358
"ENSG00000233585",8.97297761459276
"ENSG00000233593",10.6134352279056
"ENSG00000233594",7.31847418061853
"ENSG00000233597",8.79240536895094
"ENSG00000233608",5.73351167989737
"ENSG00000233609",5.73351167989737
"ENSG00000233621",8.05543977478473
"ENSG00000233622",7.08714863451207
"ENSG00000233631",5.73351167989737
"ENSG00000233654",5.73351167989737
"ENSG00000233668",8.79240536895094
"ENSG00000233672",2.56358667845506
"ENSG00000233690",5.37094160051266
"ENSG00000233695",6.47047727406358
"ENSG00000233705",6.26402639659615
"ENSG00000233707",7.84898889731731
"ENSG00000233725",6.02301829709235
"ENSG00000233747",7.31847418061853
"ENSG00000233757",7.42156767358263
"ENSG00000233760",6.6510495197054
"ENSG00000233762",10.4644534864358
"ENSG00000233766",8.90343668133968
"ENSG00000233778",4.88551477334242
"ENSG00000233785",4.88551477334242
"ENSG00000233806",4.14854917917621
"ENSG00000233818",6.81151419189864
"ENSG00000233820",7.20744286822978
"ENSG00000233822",7.42156767358263
"ENSG00000233830",9.40907672939943
"ENSG00000233836",7.60798079781351
"ENSG00000233837",6.26402639659615
"ENSG00000233846",7.08714863451207
"ENSG00000233859",9.03932010942146
"ENSG00000233862",4.88551477334242
"ENSG00000233868",4.88551477334242
"ENSG00000233871",6.95590410123382
"ENSG00000233873",7.31847418061853
"ENSG00000233885",2.56358667845506
"ENSG00000233892",6.02301829709235
"ENSG00000233894",7.08714863451207
"ENSG00000233895",8.71333379795974
"ENSG00000233901",8.29150713301826
"ENSG00000233903",4.88551477334242
"ENSG00000233912",7.42156767358263
"ENSG00000233913",9.33177100323199
"ENSG00000233927",13.7126986691619
"ENSG00000233929",7.20744286822978
"ENSG00000233930",7.60798079781351
"ENSG00000233937",7.51778298884193
"ENSG00000233954",13.2492115181814
"ENSG00000233961",7.92113868307314
"ENSG00000233966",5.73351167989737
"ENSG00000233967",8.34494639197972
"ENSG00000233968",2.56358667845506
"ENSG00000233971",9.00653017430379
"ENSG00000233984",6.47047727406358
"ENSG00000233985",2.56358667845506
"ENSG00000234004",4.14854917917621
"ENSG00000234009",10.9078825863709
"ENSG00000234028",8.58595449148351
"ENSG00000234036",7.20744286822978
"ENSG00000234040",7.69286969540002
"ENSG00000234043",8.58595449148351
"ENSG00000234062",6.47047727406358
"ENSG00000234072",8.79240536895094
"ENSG00000234076",6.6510495197054
"ENSG00000234093",8.17829652257027
"ENSG00000234106",6.95590410123382
"ENSG00000234118",7.92113868307314
"ENSG00000234127",12.2761136788949
"ENSG00000234130",8.05543977478473
"ENSG00000234134",2.56358667845506
"ENSG00000234141",4.88551477334242
"ENSG00000234145",4.14854917917621
"ENSG00000234147",6.26402639659615
"ENSG00000234160",7.08714863451207
"ENSG00000234171",8.71333379795974
"ENSG00000234176",9.52937096311715
"ENSG00000234213",5.73351167989737
"ENSG00000234222",6.81151419189864
"ENSG00000234225",9.76325902329142
"ENSG00000234229",7.60798079781351
"ENSG00000234231",8.75341123733508
"ENSG00000234241",6.02301829709235
"ENSG00000234253",5.73351167989737
"ENSG00000234268",10.0474024557193
"ENSG00000234274",5.37094160051266
"ENSG00000234284",9.66161876141559
"ENSG00000234287",8.83037321914996
"ENSG00000234290",5.37094160051266
"ENSG00000234322",7.92113868307314
"ENSG00000234323",10.0792865167391
"ENSG00000234327",8.97297761459276
"ENSG00000234329",6.6510495197054
"ENSG00000234335",8.62967586891283
"ENSG00000234336",6.47047727406358
"ENSG00000234353",6.02301829709235
"ENSG00000234354",4.14854917917621
"ENSG00000234362",5.37094160051266
"ENSG00000234369",5.73351167989737
"ENSG00000234380",6.02301829709235
"ENSG00000234383",7.60798079781351
"ENSG00000234390",7.77304004408401
"ENSG00000234409",6.6510495197054
"ENSG00000234418",4.14854917917621
"ENSG00000234420",12.6603018329436
"ENSG00000234438",10.5579401153139
"ENSG00000234444",11.1523013140373
"ENSG00000234452",4.88551477334242
"ENSG00000234456",13.5838721792997
"ENSG00000234465",8.3964766926198
"ENSG00000234492",6.47047727406358
"ENSG00000234494",8.1181755301327
"ENSG00000234498",6.6510495197054
"ENSG00000234511",4.88551477334242
"ENSG00000234518",9.07138131865375
"ENSG00000234520",14.2944813249967
"ENSG00000234545",11.4674685241912
"ENSG00000234546",5.37094160051266
"ENSG00000234558",6.47047727406358
"ENSG00000234577",6.81151419189864
"ENSG00000234585",9.52937096311715
"ENSG00000234589",10.4401036250201
"ENSG00000234608",9.85820742734668
"ENSG00000234614",6.26402639659615
"ENSG00000234616",12.0002982205923
"ENSG00000234617",4.88551477334242
"ENSG00000234618",6.6510495197054
"ENSG00000234636",7.20744286822978
"ENSG00000234638",8.90343668133968
"ENSG00000234645",7.92113868307314
"ENSG00000234648",6.6510495197054
"ENSG00000234664",8.79240536895094
"ENSG00000234665",5.73351167989737
"ENSG00000234684",9.55227136522722
"ENSG00000234690",6.81151419189864
"ENSG00000234694",6.02301829709235
"ENSG00000234699",4.14854917917621
"ENSG00000234702",7.31847418061853
"ENSG00000234709",2.56358667845506
"ENSG00000234719",6.02301829709235
"ENSG00000234740",5.73351167989737
"ENSG00000234741",13.2386615988405
"ENSG00000234742",9.458404441763
"ENSG00000234743",9.3050536648562
"ENSG00000234745",16.1985111435902
"ENSG00000234753",4.88551477334242
"ENSG00000234769",8.58595449148351
"ENSG00000234771",10.7779057992558
"ENSG00000234773",6.81151419189864
"ENSG00000234779",4.88551477334242
"ENSG00000234782",11.0189138987596
"ENSG00000234797",10.7082449212869
"ENSG00000234801",9.72345801523345
"ENSG00000234807",4.88551477334242
"ENSG00000234814",8.67211113523323
"ENSG00000234817",7.20744286822978
"ENSG00000234825",9.80199141778014
"ENSG00000234840",6.02301829709235
"ENSG00000234851",12.1429026160351
"ENSG00000234869",8.71333379795974
"ENSG00000234882",7.98985143315716
"ENSG00000234883",7.92113868307314
"ENSG00000234899",11.3869539185013
"ENSG00000234911",6.47047727406358
"ENSG00000234912",9.96446611473724
"ENSG00000234913",7.98985143315716
"ENSG00000234917",4.14854917917621
"ENSG00000234925",8.83037321914996
"ENSG00000234936",6.02301829709235
"ENSG00000234961",7.42156767358263
"ENSG00000234964",9.27783219612118
"ENSG00000234975",9.03932010942146
"ENSG00000234978",8.17829652257027
"ENSG00000235001",8.3964766926198
"ENSG00000235013",6.26402639659615
"ENSG00000235016",6.26402639659615
"ENSG00000235033",11.0352618928471
"ENSG00000235036",4.14854917917621
"ENSG00000235043",7.77304004408401
"ENSG00000235044",5.73351167989737
"ENSG00000235045",6.02301829709235
"ENSG00000235052",5.37094160051266
"ENSG00000235065",7.31847418061853
"ENSG00000235072",5.73351167989737
"ENSG00000235078",5.73351167989737
"ENSG00000235082",4.88551477334242
"ENSG00000235084",6.95590410123382
"ENSG00000235092",5.73351167989737
"ENSG00000235098",7.08714863451207
"ENSG00000235100",6.02301829709235
"ENSG00000235105",7.42156767358263
"ENSG00000235106",10.9342740852623
"ENSG00000235109",11.0753393322224
"ENSG00000235111",4.88551477334242
"ENSG00000235117",6.26402639659615
"ENSG00000235118",6.02301829709235
"ENSG00000235121",4.88551477334242
"ENSG00000235128",5.37094160051266
"ENSG00000235159",5.73351167989737
"ENSG00000235160",7.51778298884193
"ENSG00000235162",7.42156767358263
"ENSG00000235169",8.05543977478473
"ENSG00000235173",6.26402639659615
"ENSG00000235174",10.3251379108995
"ENSG00000235175",6.6510495197054
"ENSG00000235194",11.0753393322224
"ENSG00000235205",9.33177100323199
"ENSG00000235217",9.61886911395625
"ENSG00000235225",6.47047727406358
"ENSG00000235231",5.37094160051266
"ENSG00000235238",7.98985143315716
"ENSG00000235244",7.20744286822978
"ENSG00000235245",8.29150713301826
"ENSG00000235251",6.26402639659615
"ENSG00000235257",8.17829652257027
"ENSG00000235272",5.37094160051266
"ENSG00000235280",5.73351167989737
"ENSG00000235295",8.05543977478473
"ENSG00000235296",8.05543977478473
"ENSG00000235297",9.25008720563828
"ENSG00000235313",6.02301829709235
"ENSG00000235314",10.7681578227043
"ENSG00000235316",8.29150713301826
"ENSG00000235326",6.26402639659615
"ENSG00000235349",4.14854917917621
"ENSG00000235354",7.31847418061853
"ENSG00000235358",4.14854917917621
"ENSG00000235363",8.58595449148351
"ENSG00000235370",7.92113868307314
"ENSG00000235371",6.81151419189864
"ENSG00000235374",5.73351167989737
"ENSG00000235381",9.25008720563828
"ENSG00000235387",11.4184550617153
"ENSG00000235410",4.88551477334242
"ENSG00000235411",6.47047727406358
"ENSG00000235423",8.05543977478473
"ENSG00000235436",9.19294329853467
"ENSG00000235437",12.6337076229319
"ENSG00000235449",9.458404441763
"ENSG00000235453",9.91231483268614
"ENSG00000235475",6.95590410123382
"ENSG00000235477",11.7005777905353
"ENSG00000235478",6.6510495197054
"ENSG00000235480",5.73351167989737
"ENSG00000235485",6.47047727406358
"ENSG00000235501",10.5692112276489
"ENSG00000235505",8.79240536895094
"ENSG00000235508",8.34494639197972
"ENSG00000235513",7.92113868307314
"ENSG00000235527",6.02301829709235
"ENSG00000235530",6.47047727406358
"ENSG00000235531",10.3251379108995
"ENSG00000235535",14.7047358768926
"ENSG00000235538",5.73351167989737
"ENSG00000235552",11.5031658927698
"ENSG00000235554",7.51778298884193
"ENSG00000235559",7.08714863451207
"ENSG00000235560",7.51778298884193
"ENSG00000235565",7.98985143315716
"ENSG00000235568",9.07138131865375
"ENSG00000235582",6.02301829709235
"ENSG00000235587",10.8443574485857
"ENSG00000235590",5.73351167989737
"ENSG00000235605",8.75341123733508
"ENSG00000235609",8.90343668133968
"ENSG00000235613",5.73351167989737
"ENSG00000235618",6.02301829709235
"ENSG00000235636",7.31847418061853
"ENSG00000235641",5.73351167989737
"ENSG00000235652",8.23601202042655
"ENSG00000235655",11.9233362387774
"ENSG00000235663",8.49432401601794
"ENSG00000235664",4.14854917917621
"ENSG00000235688",4.88551477334242
"ENSG00000235703",10.2570736359544
"ENSG00000235706",9.35800254480516
"ENSG00000235711",7.42156767358263
"ENSG00000235750",13.5600601671883
"ENSG00000235770",4.88551477334242
"ENSG00000235776",7.60798079781351
"ENSG00000235790",6.81151419189864
"ENSG00000235821",5.37094160051266
"ENSG00000235823",8.49432401601794
"ENSG00000235830",2.56358667845506
"ENSG00000235831",6.26402639659615
"ENSG00000235847",7.60798079781351
"ENSG00000235859",9.16349952064219
"ENSG00000235863",9.87646963373941
"ENSG00000235865",4.88551477334242
"ENSG00000235875",5.73351167989737
"ENSG00000235878",7.69286969540002
"ENSG00000235884",7.08714863451207
"ENSG00000235888",5.37094160051266
"ENSG00000235890",6.26402639659615
"ENSG00000235897",4.88551477334242
"ENSG00000235903",2.56358667845506
"ENSG00000235904",7.51778298884193
"ENSG00000235910",6.81151419189864
"ENSG00000235912",7.69286969540002
"ENSG00000235916",2.56358667845506
"ENSG00000235919",9.07138131865375
"ENSG00000235927",10.2982962986809
"ENSG00000235944",7.42156767358263
"ENSG00000235954",10.898977033149
"ENSG00000235957",11.0910636845155
"ENSG00000235961",4.88551477334242
"ENSG00000235962",6.47047727406358
"ENSG00000235978",6.81151419189864
"ENSG00000235989",6.26402639659615
"ENSG00000235994",7.08714863451207
"ENSG00000235997",11.5997602910085
"ENSG00000235999",7.60798079781351
"ENSG00000236008",6.47047727406358
"ENSG00000236013",12.9697916838739
"ENSG00000236021",6.47047727406358
"ENSG00000236035",4.14854917917621
"ENSG00000236051",6.02301829709235
"ENSG00000236058",9.13344228678601
"ENSG00000236060",10.2289225956402
"ENSG00000236066",5.73351167989737
"ENSG00000236088",9.48244991572965
"ENSG00000236098",5.37094160051266
"ENSG00000236104",11.3084205159546
"ENSG00000236114",4.88551477334242
"ENSG00000236120",7.77304004408401
"ENSG00000236137",2.56358667845506
"ENSG00000236144",10.7779057992558
"ENSG00000236148",7.31847418061853
"ENSG00000236152",8.4462297278169
"ENSG00000236155",9.27783219612118
"ENSG00000236157",2.56358667845506
"ENSG00000236166",4.14854917917621
"ENSG00000236184",7.77304004408401
"ENSG00000236200",5.73351167989737
"ENSG00000236204",7.08714863451207
"ENSG00000236208",8.93862610980198
"ENSG00000236213",4.88551477334242
"ENSG00000236255",8.34494639197972
"ENSG00000236264",7.98985143315716
"ENSG00000236281",9.66161876141559
"ENSG00000236287",14.040839002393
"ENSG00000236296",8.1181755301327
"ENSG00000236312",9.38376564087025
"ENSG00000236322",6.26402639659615
"ENSG00000236330",6.81151419189864
"ENSG00000236333",7.08714863451207
"ENSG00000236345",4.14854917917621
"ENSG00000236349",7.60798079781351
"ENSG00000236352",4.88551477334242
"ENSG00000236360",7.20744286822978
"ENSG00000236393",6.6510495197054
"ENSG00000236397",7.51778298884193
"ENSG00000236404",10.2430667779605
"ENSG00000236411",4.88551477334242
"ENSG00000236417",5.73351167989737
"ENSG00000236423",6.6510495197054
"ENSG00000236427",2.56358667845506
"ENSG00000236432",7.69286969540002
"ENSG00000236438",6.81151419189864
"ENSG00000236439",9.16349952064219
"ENSG00000236456",6.6510495197054
"ENSG00000236466",5.73351167989737
"ENSG00000236480",5.73351167989737
"ENSG00000236493",7.60798079781351
"ENSG00000236496",7.42156767358263
"ENSG00000236508",4.14854917917621
"ENSG00000236519",4.88551477334242
"ENSG00000236526",2.56358667845506
"ENSG00000236532",6.02301829709235
"ENSG00000236534",4.88551477334242
"ENSG00000236537",6.47047727406358
"ENSG00000236548",6.26402639659615
"ENSG00000236552",11.6799306396925
"ENSG00000236565",9.10274548956309
"ENSG00000236577",4.14854917917621
"ENSG00000236581",5.73351167989737
"ENSG00000236603",7.84898889731731
"ENSG00000236609",11.6107105905691
"ENSG00000236617",5.37094160051266
"ENSG00000236618",8.93862610980198
"ENSG00000236624",6.02301829709235
"ENSG00000236662",5.37094160051266
"ENSG00000236670",7.08714863451207
"ENSG00000236682",7.77304004408401
"ENSG00000236698",8.34494639197972
"ENSG00000236701",5.37094160051266
"ENSG00000236710",2.56358667845506
"ENSG00000236714",9.40907672939943
"ENSG00000236719",10.0949681389714
"ENSG00000236723",7.08714863451207
"ENSG00000236735",5.73351167989737
"ENSG00000236740",8.62967586891283
"ENSG00000236751",10.7681578227043
"ENSG00000236753",9.40907672939943
"ENSG00000236756",4.14854917917621
"ENSG00000236762",8.71333379795974
"ENSG00000236773",6.81151419189864
"ENSG00000236778",8.17829652257027
"ENSG00000236801",9.25008720563828
"ENSG00000236809",6.47047727406358
"ENSG00000236810",8.71333379795974
"ENSG00000236814",9.87646963373941
"ENSG00000236816",4.88551477334242
"ENSG00000236819",2.56358667845506
"ENSG00000236824",4.14854917917621
"ENSG00000236829",6.26402639659615
"ENSG00000236830",10.1104811383427
"ENSG00000236849",6.26402639659615
"ENSG00000236850",7.42156767358263
"ENSG00000236852",6.81151419189864
"ENSG00000236859",9.89450355656967
"ENSG00000236869",7.51778298884193
"ENSG00000236876",6.81151419189864
"ENSG00000236882",7.51778298884193
"ENSG00000236901",10.7484620213633
"ENSG00000236908",4.14854917917621
"ENSG00000236913",4.88551477334242
"ENSG00000236914",5.73351167989737
"ENSG00000236936",5.37094160051266
"ENSG00000236943",6.02301829709235
"ENSG00000236958",9.66161876141559
"ENSG00000236972",9.27783219612118
"ENSG00000236976",9.07138131865375
"ENSG00000236992",9.27783219612118
"ENSG00000236993",5.73351167989737
"ENSG00000237017",6.02301829709235
"ENSG00000237021",5.73351167989737
"ENSG00000237036",10.0792865167391
"ENSG00000237037",9.458404441763
"ENSG00000237039",6.02301829709235
"ENSG00000237075",6.02301829709235
"ENSG00000237096",2.56358667845506
"ENSG00000237101",2.56358667845506
"ENSG00000237125",14.4079001396584
"ENSG00000237133",6.26402639659615
"ENSG00000237135",6.26402639659615
"ENSG00000237149",7.60798079781351
"ENSG00000237161",8.1181755301327
"ENSG00000237169",5.37094160051266
"ENSG00000237172",11.0674124164508
"ENSG00000237176",5.73351167989737
"ENSG00000237181",6.6510495197054
"ENSG00000237187",6.95590410123382
"ENSG00000237188",8.79240536895094
"ENSG00000237190",12.2622913452254
"ENSG00000237214",8.62967586891283
"ENSG00000237238",9.35800254480516
"ENSG00000237248",9.35800254480516
"ENSG00000237264",10.3383737380562
"ENSG00000237276",7.20744286822978
"ENSG00000237289",7.31847418061853
"ENSG00000237296",8.1181755301327
"ENSG00000237298",11.725978007212
"ENSG00000237310",7.42156767358263
"ENSG00000237337",4.14854917917621
"ENSG00000237350",9.83971108372929
"ENSG00000237357",6.26402639659615
"ENSG00000237377",6.47047727406358
"ENSG00000237380",5.73351167989737
"ENSG00000237399",6.6510495197054
"ENSG00000237406",7.20744286822978
"ENSG00000237417",6.47047727406358
"ENSG00000237422",4.88551477334242
"ENSG00000237424",5.73351167989737
"ENSG00000237429",5.73351167989737
"ENSG00000237436",5.37094160051266
"ENSG00000237438",8.93862610980198
"ENSG00000237440",9.458404441763
"ENSG00000237441",13.4757275347508
"ENSG00000237461",7.08714863451207
"ENSG00000237463",8.34494639197972
"ENSG00000237481",5.73351167989737
"ENSG00000237484",6.26402639659615
"ENSG00000237489",6.47047727406358
"ENSG00000237491",7.51778298884193
"ENSG00000237493",8.54086660195497
"ENSG00000237499",7.20744286822978
"ENSG00000237506",10.3117795280445
"ENSG00000237512",7.20744286822978
"ENSG00000237515",7.51778298884193
"ENSG00000237522",6.26402639659615
"ENSG00000237523",4.88551477334242
"ENSG00000237529",4.14854917917621
"ENSG00000237541",4.88551477334242
"ENSG00000237543",5.73351167989737
"ENSG00000237550",2.56358667845506
"ENSG00000237595",6.95590410123382
"ENSG00000237596",6.26402639659615
"ENSG00000237604",6.26402639659615
"ENSG00000237614",6.26402639659615
"ENSG00000237624",7.92113868307314
"ENSG00000237649",6.95590410123382
"ENSG00000237668",8.34494639197972
"ENSG00000237669",5.73351167989737
"ENSG00000237676",8.17829652257027
"ENSG00000237683",9.16349952064219
"ENSG00000237686",7.84898889731731
"ENSG00000237697",9.72345801523345
"ENSG00000237721",2.56358667845506
"ENSG00000237729",8.1181755301327
"ENSG00000237732",7.60798079781351
"ENSG00000237742",7.98985143315716
"ENSG00000237748",10.5002246174576
"ENSG00000237749",4.88551477334242
"ENSG00000237753",8.79240536895094
"ENSG00000237757",2.56358667845506
"ENSG00000237758",8.3964766926198
"ENSG00000237765",12.1277361684408
"ENSG00000237766",5.73351167989737
"ENSG00000237773",5.73351167989737
"ENSG00000237781",8.34494639197972
"ENSG00000237792",5.37094160051266
"ENSG00000237797",4.88551477334242
"ENSG00000237803",4.88551477334242
"ENSG00000237804",6.6510495197054
"ENSG00000237807",12.0891074875501
"ENSG00000237813",6.6510495197054
"ENSG00000237821",8.3964766926198
"ENSG00000237828",6.6510495197054
"ENSG00000237836",6.6510495197054
"ENSG00000237840",7.31847418061853
"ENSG00000237842",6.6510495197054
"ENSG00000237853",5.37094160051266
"ENSG00000237854",10.7184047875072
"ENSG00000237857",7.98985143315716
"ENSG00000237859",5.37094160051266
"ENSG00000237877",6.6510495197054
"ENSG00000237882",2.56358667845506
"ENSG00000237883",5.73351167989737
"ENSG00000237886",6.26402639659615
"ENSG00000237887",5.73351167989737
"ENSG00000237892",7.92113868307314
"ENSG00000237897",6.26402639659615
"ENSG00000237899",5.37094160051266
"ENSG00000237927",5.37094160051266
"ENSG00000237928",6.26402639659615
"ENSG00000237940",6.6510495197054
"ENSG00000237943",5.37094160051266
"ENSG00000237945",8.86736742663216
"ENSG00000237949",9.92990889270087
"ENSG00000237950",6.47047727406358
"ENSG00000237973",15.2976611698831
"ENSG00000237975",9.5061011837943
"ENSG00000237976",4.14854917917621
"ENSG00000237977",6.47047727406358
"ENSG00000237980",4.14854917917621
"ENSG00000237984",8.75341123733508
"ENSG00000237989",9.43395139803846
"ENSG00000237991",4.14854917917621
"ENSG00000238000",7.31847418061853
"ENSG00000238005",5.37094160051266
"ENSG00000238035",8.17829652257027
"ENSG00000238039",7.84898889731731
"ENSG00000238045",6.47047727406358
"ENSG00000238057",6.26402639659615
"ENSG00000238058",6.81151419189864
"ENSG00000238072",6.26402639659615
"ENSG00000238082",5.37094160051266
"ENSG00000238083",8.17829652257027
"ENSG00000238084",7.77304004408401
"ENSG00000238098",6.47047727406358
"ENSG00000238102",9.83971108372929
"ENSG00000238103",6.95590410123382
"ENSG00000238105",8.90343668133968
"ENSG00000238113",8.23601202042655
"ENSG00000238121",5.37094160051266
"ENSG00000238142",9.00653017430379
"ENSG00000238164",7.31847418061853
"ENSG00000238172",4.88551477334242
"ENSG00000238184",4.14854917917621
"ENSG00000238193",8.58595449148351
"ENSG00000238197",9.13344228678601
"ENSG00000238198",6.02301829709235
"ENSG00000238227",11.1066184987103
"ENSG00000238228",7.08714863451207
"ENSG00000238244",9.03932010942146
"ENSG00000238251",6.02301829709235
"ENSG00000238258",6.02301829709235
"ENSG00000238260",4.14854917917621
"ENSG00000238261",6.81151419189864
"ENSG00000238266",2.56358667845506
"ENSG00000238268",4.88551477334242
"ENSG00000238273",7.08714863451207
"ENSG00000238287",7.08714863451207
"ENSG00000238290",4.14854917917621
"ENSG00000238363",5.37094160051266
"ENSG00000238390",5.37094160051266
"ENSG00000238465",7.20744286822978
"ENSG00000238534",5.73351167989737
"ENSG00000238578",6.02301829709235
"ENSG00000238741",6.81151419189864
"ENSG00000238755",4.88551477334242
"ENSG00000238829",4.88551477334242
"ENSG00000238832",8.23601202042655
"ENSG00000238868",4.88551477334242
"ENSG00000238975",7.60798079781351
"ENSG00000239014",8.1181755301327
"ENSG00000239112",2.56358667845506
"ENSG00000239127",5.37094160051266
"ENSG00000239149",6.95590410123382
"ENSG00000239197",4.14854917917621
"ENSG00000239213",7.60798079781351
"ENSG00000239218",8.75341123733508
"ENSG00000239219",6.6510495197054
"ENSG00000239246",7.92113868307314
"ENSG00000239264",6.26402639659615
"ENSG00000239282",7.08714863451207
"ENSG00000239300",4.88551477334242
"ENSG00000239305",14.5897642753443
"ENSG00000239306",12.3693305506067
"ENSG00000239332",5.37094160051266
"ENSG00000239345",6.6510495197054
"ENSG00000239374",4.14854917917621
"ENSG00000239382",8.3964766926198
"ENSG00000239388",9.72345801523345
"ENSG00000239405",6.95590410123382
"ENSG00000239407",7.84898889731731
"ENSG00000239415",5.37094160051266
"ENSG00000239445",9.3050536648562
"ENSG00000239467",8.23601202042655
"ENSG00000239470",4.88551477334242
"ENSG00000239474",14.2653263171294
"ENSG00000239521",9.40907672939943
"ENSG00000239523",7.08714863451207
"ENSG00000239528",4.14854917917621
"ENSG00000239556",6.02301829709235
"ENSG00000239557",6.95590410123382
"ENSG00000239559",9.66161876141559
"ENSG00000239569",8.17829652257027
"ENSG00000239593",5.73351167989737
"ENSG00000239636",5.73351167989737
"ENSG00000239650",6.81151419189864
"ENSG00000239653",8.3964766926198
"ENSG00000239665",11.3547495670101
"ENSG00000239672",10.8719257085945
"ENSG00000239677",9.38376564087025
"ENSG00000239697",11.1372338659484
"ENSG00000239704",6.26402639659615
"ENSG00000239713",9.64040227550589
"ENSG00000239719",8.34494639197972
"ENSG00000239763",7.92113868307314
"ENSG00000239779",10.0147977902874
"ENSG00000239789",11.1066184987103
"ENSG00000239801",5.37094160051266
"ENSG00000239815",10.7583435328773
"ENSG00000239827",6.47047727406358
"ENSG00000239828",8.17829652257027
"ENSG00000239831",5.73351167989737
"ENSG00000239857",8.67211113523323
"ENSG00000239883",6.6510495197054
"ENSG00000239884",5.73351167989737
"ENSG00000239887",9.74349576846999
"ENSG00000239900",13.7663227217052
"ENSG00000239911",8.3964766926198
"ENSG00000239912",6.47047727406358
"ENSG00000239951",6.6510495197054
"ENSG00000239969",7.60798079781351
"ENSG00000239998",7.77304004408401
"ENSG00000240005",6.6510495197054
"ENSG00000240021",4.14854917917621
"ENSG00000240024",11.3869539185013
"ENSG00000240036",7.42156767358263
"ENSG00000240038",12.9548302678825
"ENSG00000240045",5.73351167989737
"ENSG00000240048",6.26402639659615
"ENSG00000240050",4.14854917917621
"ENSG00000240053",8.58595449148351
"ENSG00000240057",2.56358667845506
"ENSG00000240065",10.8900161655774
"ENSG00000240087",9.61886911395625
"ENSG00000240122",7.20744286822978
"ENSG00000240137",7.84898889731731
"ENSG00000240184",10.8900161655774
"ENSG00000240207",7.08714863451207
"ENSG00000240219",6.95590410123382
"ENSG00000240225",12.5046342847956
"ENSG00000240230",10.7875883526532
"ENSG00000240240",4.88551477334242
"ENSG00000240288",6.02301829709235
"ENSG00000240291",8.54086660195497
"ENSG00000240292",8.67211113523323
"ENSG00000240303",9.10274548956309
"ENSG00000240342",9.3050536648562
"ENSG00000240344",11.4431699280678
"ENSG00000240356",9.10274548956309
"ENSG00000240366",7.08714863451207
"ENSG00000240370",6.6510495197054
"ENSG00000240371",8.71333379795974
"ENSG00000240376",9.64040227550589
"ENSG00000240395",9.03932010942146
"ENSG00000240399",7.98985143315716
"ENSG00000240401",7.92113868307314
"ENSG00000240409",7.69286969540002
"ENSG00000240429",8.86736742663216
"ENSG00000240445",6.95590410123382
"ENSG00000240463",7.77304004408401
"ENSG00000240489",7.51778298884193
"ENSG00000240509",10.4523299273533
"ENSG00000240540",6.47047727406358
"ENSG00000240541",5.37094160051266
"ENSG00000240567",2.56358667845506
"ENSG00000240583",15.9544273742217
"ENSG00000240591",5.73351167989737
"ENSG00000240602",4.88551477334242
"ENSG00000240616",8.3964766926198
"ENSG00000240622",7.42156767358263
"ENSG00000240654",8.79240536895094
"ENSG00000240674",6.95590410123382
"ENSG00000240682",10.7284936051307
"ENSG00000240687",2.56358667845506
"ENSG00000240694",10.3251379108995
"ENSG00000240695",7.60798079781351
"ENSG00000240720",2.56358667845506
"ENSG00000240731",9.19294329853467
"ENSG00000240747",5.73351167989737
"ENSG00000240761",4.88551477334242
"ENSG00000240764",9.83971108372929
"ENSG00000240771",12.3563769727561
"ENSG00000240776",7.92113868307314
"ENSG00000240849",11.5831774068129
"ENSG00000240854",6.26402639659615
"ENSG00000240857",12.2932074220081
"ENSG00000240859",8.23601202042655
"ENSG00000240875",8.71333379795974
"ENSG00000240889",5.37094160051266
"ENSG00000240891",7.20744286822978
"ENSG00000240914",9.85820742734668
"ENSG00000240950",8.83037321914996
"ENSG00000240972",10.2289225956402
"ENSG00000241014",9.07138131865375
"ENSG00000241015",9.98143919334096
"ENSG00000241030",6.02301829709235
"ENSG00000241043",4.14854917917621
"ENSG00000241057",2.56358667845506
"ENSG00000241058",10.7184047875072
"ENSG00000241061",9.66161876141559
"ENSG00000241081",8.86736742663216
"ENSG00000241106",6.47047727406358
"ENSG00000241127",11.2038316146774
"ENSG00000241135",13.9798564229783
"ENSG00000241158",6.47047727406358
"ENSG00000241163",5.73351167989737
"ENSG00000241170",7.31847418061853
"ENSG00000241186",6.47047727406358
"ENSG00000241255",6.81151419189864
"ENSG00000241258",12.1124085869138
"ENSG00000241288",6.95590410123382
"ENSG00000241313",6.81151419189864
"ENSG00000241316",8.67211113523323
"ENSG00000241322",4.14854917917621
"ENSG00000241343",10.4523299273533
"ENSG00000241351",5.73351167989737
"ENSG00000241362",6.6510495197054
"ENSG00000241370",6.26402639659615
"ENSG00000241399",13.3259687171655
"ENSG00000241404",7.98985143315716
"ENSG00000241429",5.37094160051266
"ENSG00000241431",6.95590410123382
"ENSG00000241458",6.47047727406358
"ENSG00000241468",13.6236070329629
"ENSG00000241472",6.02301829709235
"ENSG00000241478",6.47047727406358
"ENSG00000241489",8.4462297278169
"ENSG00000241494",7.51778298884193
"ENSG00000241506",9.00653017430379
"ENSG00000241511",7.77304004408401
"ENSG00000241528",7.08714863451207
"ENSG00000241547",6.6510495197054
"ENSG00000241549",7.20744286822978
"ENSG00000241553",12.3693305506067
"ENSG00000241556",9.07138131865375
"ENSG00000241570",8.34494639197972
"ENSG00000241612",6.02301829709235
"ENSG00000241627",4.14854917917621
"ENSG00000241644",12.6550220647787
"ENSG00000241651",6.6510495197054
"ENSG00000241679",7.08714863451207
"ENSG00000241680",7.20744286822978
"ENSG00000241684",9.70313803085385
"ENSG00000241685",14.3155490919159
"ENSG00000241717",7.77304004408401
"ENSG00000241732",9.80199141778014
"ENSG00000241741",9.82097452114771
"ENSG00000241746",6.26402639659615
"ENSG00000241755",2.56358667845506
"ENSG00000241764",8.1181755301327
"ENSG00000241769",10.4153357198711
"ENSG00000241770",4.88551477334242
"ENSG00000241837",15.3671124153665
"ENSG00000241839",12.7571120389563
"ENSG00000241847",6.26402639659615
"ENSG00000241852",10.1258291026761
"ENSG00000241860",7.42156767358263
"ENSG00000241878",12.1353393219586
"ENSG00000241886",6.6510495197054
"ENSG00000241889",6.95590410123382
"ENSG00000241923",8.62967586891283
"ENSG00000241935",11.0433669424842
"ENSG00000241945",11.6747223486898
"ENSG00000241962",6.6510495197054
"ENSG00000241973",13.7177718877204
"ENSG00000241975",7.31847418061853
"ENSG00000241990",11.3869539185013
"ENSG00000242013",9.13344228678601
"ENSG00000242028",9.13344228678601
"ENSG00000242052",7.20744286822978
"ENSG00000242071",11.57760714877
"ENSG00000242083",7.69286969540002
"ENSG00000242085",5.37094160051266
"ENSG00000242086",12.6390658279431
"ENSG00000242088",7.69286969540002
"ENSG00000242110",7.92113868307314
"ENSG00000242114",5.37094160051266
"ENSG00000242125",11.3416638079904
"ENSG00000242142",5.73351167989737
"ENSG00000242163",7.08714863451207
"ENSG00000242169",6.02301829709235
"ENSG00000242173",8.75341123733508
"ENSG00000242193",11.6799306396925
"ENSG00000242208",4.88551477334242
"ENSG00000242220",6.26402639659615
"ENSG00000242242",6.6510495197054
"ENSG00000242247",13.2333575669806
"ENSG00000242252",2.56358667845506
"ENSG00000242259",13.4921050537129
"ENSG00000242262",7.08714863451207
"ENSG00000242265",9.92990889270087
"ENSG00000242267",6.02301829709235
"ENSG00000242276",9.19294329853467
"ENSG00000242282",9.25008720563828
"ENSG00000242294",10.7184047875072
"ENSG00000242299",11.8327133576045
"ENSG00000242327",7.08714863451207
"ENSG00000242337",6.81151419189864
"ENSG00000242338",8.58595449148351
"ENSG00000242349",8.34494639197972
"ENSG00000242358",8.1181755301327
"ENSG00000242372",11.9877529672732
"ENSG00000242375",2.56358667845506
"ENSG00000242412",4.88551477334242
"ENSG00000242419",9.27783219612118
"ENSG00000242445",5.73351167989737
"ENSG00000242457",6.47047727406358
"ENSG00000242474",7.08714863451207
"ENSG00000242477",8.4462297278169
"ENSG00000242485",13.6517123706433
"ENSG00000242498",11.6902911512982
"ENSG00000242539",5.73351167989737
"ENSG00000242540",2.56358667845506
"ENSG00000242571",8.67211113523323
"ENSG00000242574",11.0106699046647
"ENSG00000242588",11.5551085245308
"ENSG00000242600",9.59700967999251
"ENSG00000242612",9.25008720563828
"ENSG00000242615",6.02301829709235
"ENSG00000242622",7.42156767358263
"ENSG00000242628",4.14854917917621
"ENSG00000242660",4.14854917917621
"ENSG00000242676",2.56358667845506
"ENSG00000242687",8.83037321914996
"ENSG00000242689",4.88551477334242
"ENSG00000242697",5.37094160051266
"ENSG00000242715",6.95590410123382
"ENSG00000242732",10.2570736359544
"ENSG00000242741",5.37094160051266
"ENSG00000242748",6.47047727406358
"ENSG00000242759",10.5692112276489
"ENSG00000242779",9.5061011837943
"ENSG00000242798",7.42156767358263
"ENSG00000242802",10.3117795280445
"ENSG00000242808",6.6510495197054
"ENSG00000242814",8.1181755301327
"ENSG00000242852",5.73351167989737
"ENSG00000242861",8.90343668133968
"ENSG00000242899",6.6510495197054
"ENSG00000242924",8.1181755301327
"ENSG00000242951",9.458404441763
"ENSG00000242952",6.95590410123382
"ENSG00000242960",7.69286969540002
"ENSG00000242970",7.31847418061853
"ENSG00000242992",6.95590410123382
"ENSG00000243014",6.26402639659615
"ENSG00000243015",6.81151419189864
"ENSG00000243024",7.08714863451207
"ENSG00000243056",7.42156767358263
"ENSG00000243069",4.88551477334242
"ENSG00000243071",6.81151419189864
"ENSG00000243107",7.08714863451207
"ENSG00000243116",5.37094160051266
"ENSG00000243147",14.479092640687
"ENSG00000243155",6.26402639659615
"ENSG00000243156",14.0579422819879
"ENSG00000243176",6.47047727406358
"ENSG00000243181",5.37094160051266
"ENSG00000243199",9.07138131865375
"ENSG00000243234",4.14854917917621
"ENSG00000243238",4.14854917917621
"ENSG00000243243",5.37094160051266
"ENSG00000243244",11.7360141871005
"ENSG00000243279",10.898977033149
"ENSG00000243302",11.1143334638383
"ENSG00000243317",13.3972674271098
"ENSG00000243335",12.3033672882283
"ENSG00000243364",7.42156767358263
"ENSG00000243389",6.02301829709235
"ENSG00000243406",7.77304004408401
"ENSG00000243410",2.56358667845506
"ENSG00000243422",6.26402639659615
"ENSG00000243431",4.88551477334242
"ENSG00000243444",10.9167335039531
"ENSG00000243445",7.77304004408401
"ENSG00000243452",11.5264826837923
"ENSG00000243466",6.02301829709235
"ENSG00000243477",9.52937096311715
"ENSG00000243491",4.14854917917621
"ENSG00000243517",10.4523299273533
"ENSG00000243538",4.14854917917621
"ENSG00000243547",8.75341123733508
"ENSG00000243554",8.75341123733508
"ENSG00000243566",2.56358667845506
"ENSG00000243587",6.6510495197054
"ENSG00000243627",2.56358667845506
"ENSG00000243629",6.47047727406358
"ENSG00000243646",10.8719257085945
"ENSG00000243649",6.95590410123382
"ENSG00000243650",6.02301829709235
"ENSG00000243659",2.56358667845506
"ENSG00000243660",8.71333379795974
"ENSG00000243663",6.6510495197054
"ENSG00000243667",9.99821490609178
"ENSG00000243678",8.29150713301826
"ENSG00000243679",9.40907672939943
"ENSG00000243680",6.26402639659615
"ENSG00000243696",7.84898889731731
"ENSG00000243701",11.0433669424842
"ENSG00000243708",5.37094160051266
"ENSG00000243709",4.14854917917621
"ENSG00000243710",7.84898889731731
"ENSG00000243711",7.31847418061853
"ENSG00000243716",10.7779057992558
"ENSG00000243725",8.29150713301826
"ENSG00000243742",6.81151419189864
"ENSG00000243746",8.1181755301327
"ENSG00000243753",8.34494639197972
"ENSG00000243759",7.92113868307314
"ENSG00000243779",7.77304004408401
"ENSG00000243789",5.73351167989737
"ENSG00000243802",7.92113868307314
"ENSG00000243811",7.92113868307314
"ENSG00000243819",6.95590410123382
"ENSG00000243824",7.69286969540002
"ENSG00000243829",9.68252775117857
"ENSG00000243836",8.05543977478473
"ENSG00000243859",7.51778298884193
"ENSG00000243904",6.6510495197054
"ENSG00000243926",5.37094160051266
"ENSG00000243927",11.288100531575
"ENSG00000243943",12.0891074875501
"ENSG00000243960",5.73351167989737
"ENSG00000243964",9.48244991572965
"ENSG00000243970",7.20744286822978
"ENSG00000243977",5.73351167989737
"ENSG00000243978",8.86736742663216
"ENSG00000243988",6.47047727406358
"ENSG00000243989",7.20744286822978
"ENSG00000244005",12.7347634761068
"ENSG00000244018",10.6773288445042
"ENSG00000244021",6.02301829709235
"ENSG00000244026",10.0634325655383
"ENSG00000244038",14.6069557924127
"ENSG00000244041",8.1181755301327
"ENSG00000244045",11.4972773334073
"ENSG00000244055",10.0949681389714
"ENSG00000244073",2.56358667845506
"ENSG00000244086",6.95590410123382
"ENSG00000244097",7.60798079781351
"ENSG00000244119",8.49432401601794
"ENSG00000244137",2.56358667845506
"ENSG00000244151",6.26402639659615
"ENSG00000244153",6.81151419189864
"ENSG00000244161",4.14854917917621
"ENSG00000244165",7.31847418061853
"ENSG00000244171",7.51778298884193
"ENSG00000244187",11.7056937357576
"ENSG00000244198",6.95590410123382
"ENSG00000244219",4.88551477334242
"ENSG00000244227",8.23601202042655
"ENSG00000244229",6.47047727406358
"ENSG00000244242",6.81151419189864
"ENSG00000244245",5.37094160051266
"ENSG00000244256",6.6510495197054
"ENSG00000244274",11.7754749730011
"ENSG00000244291",7.51778298884193
"ENSG00000244300",9.85820742734668
"ENSG00000244306",4.88551477334242
"ENSG00000244313",11.218222706983
"ENSG00000244363",6.95590410123382
"ENSG00000244380",6.02301829709235
"ENSG00000244398",11.4854276155295
"ENSG00000244405",10.8719257085945
"ENSG00000244437",4.14854917917621
"ENSG00000244459",7.51778298884193
"ENSG00000244462",13.9304552646222
"ENSG00000244476",5.73351167989737
"ENSG00000244479",7.98985143315716
"ENSG00000244480",8.1181755301327
"ENSG00000244482",10.0311922285381
"ENSG00000244485",6.81151419189864
"ENSG00000244486",8.4462297278169
"ENSG00000244509",12.180135522234
"ENSG00000244513",7.98985143315716
"ENSG00000244527",8.23601202042655
"ENSG00000244558",4.88551477334242
"ENSG00000244560",8.58595449148351
"ENSG00000244567",10.2982962986809
"ENSG00000244582",6.6510495197054
"ENSG00000244607",7.31847418061853
"ENSG00000244617",7.08714863451207
"ENSG00000244625",8.62967586891283
"ENSG00000244627",10.5579401153139
"ENSG00000244681",6.02301829709235
"ENSG00000244682",11.196581875598
"ENSG00000244687",9.87646963373941
"ENSG00000244694",6.81151419189864
"ENSG00000244701",8.75341123733508
"ENSG00000244705",8.58595449148351
"ENSG00000244716",8.93862610980198
"ENSG00000244731",10.7681578227043
"ENSG00000244734",6.81151419189864
"ENSG00000244752",4.88551477334242
"ENSG00000244754",14.9864398743993
"ENSG00000244879",10.2709458105359
"ENSG00000244921",11.288100531575
"ENSG00000244945",8.05543977478473
"ENSG00000244968",9.3050536648562
"ENSG00000244998",7.31847418061853
"ENSG00000245017",7.84898889731731
"ENSG00000245025",7.08714863451207
"ENSG00000245060",11.725978007212
"ENSG00000245067",7.31847418061853
"ENSG00000245105",9.25008720563828
"ENSG00000245146",8.05543977478473
"ENSG00000245149",8.58595449148351
"ENSG00000245164",7.08714863451207
"ENSG00000245205",10.4523299273533
"ENSG00000245213",6.81151419189864
"ENSG00000245248",7.92113868307314
"ENSG00000245275",6.02301829709235
"ENSG00000245281",8.1181755301327
"ENSG00000245293",8.29150713301826
"ENSG00000245317",8.23601202042655
"ENSG00000245468",7.51778298884193
"ENSG00000245498",8.79240536895094
"ENSG00000245522",4.14854917917621
"ENSG00000245526",6.26402639659615
"ENSG00000245532",18.8665646756876
"ENSG00000245534",6.26402639659615
"ENSG00000245552",6.26402639659615
"ENSG00000245556",9.13344228678601
"ENSG00000245571",7.92113868307314
"ENSG00000245573",8.97297761459276
"ENSG00000245598",2.56358667845506
"ENSG00000245614",4.88551477334242
"ENSG00000245648",5.37094160051266
"ENSG00000245651",2.56358667845506
"ENSG00000245680",11.5264826837923
"ENSG00000245685",5.73351167989737
"ENSG00000245688",2.56358667845506
"ENSG00000245694",12.7669346814348
"ENSG00000245750",2.56358667845506
"ENSG00000245768",2.56358667845506
"ENSG00000245812",8.67211113523323
"ENSG00000245849",10.6350490410117
"ENSG00000245888",6.26402639659615
"ENSG00000245904",7.08714863451207
"ENSG00000245910",13.0443768795509
"ENSG00000245937",11.725978007212
"ENSG00000245954",2.56358667845506
"ENSG00000245958",11.3284582691911
"ENSG00000245970",7.20744286822978
"ENSG00000245975",6.26402639659615
"ENSG00000246022",9.96446611473724
"ENSG00000246067",10.8719257085945
"ENSG00000246082",10.2982962986809
"ENSG00000246089",8.23601202042655
"ENSG00000246090",8.05543977478473
"ENSG00000246100",7.42156767358263
"ENSG00000246145",2.56358667845506
"ENSG00000246174",7.42156767358263
"ENSG00000246203",2.56358667845506
"ENSG00000246214",7.08714863451207
"ENSG00000246223",8.05543977478473
"ENSG00000246225",4.14854917917621
"ENSG00000246263",8.54086660195497
"ENSG00000246273",10.4644534864358
"ENSG00000246283",4.88551477334242
"ENSG00000246308",4.14854917917621
"ENSG00000246339",7.92113868307314
"ENSG00000246375",6.6510495197054
"ENSG00000246379",7.42156767358263
"ENSG00000246430",6.26402639659615
"ENSG00000246523",8.58595449148351
"ENSG00000246526",4.88551477334242
"ENSG00000246528",8.4462297278169
"ENSG00000246560",9.48244991572965
"ENSG00000246582",6.02301829709235
"ENSG00000246596",7.92113868307314
"ENSG00000246627",5.73351167989737
"ENSG00000246640",6.81151419189864
"ENSG00000246662",6.6510495197054
"ENSG00000246695",10.7385123609557
"ENSG00000246705",12.2518369875882
"ENSG00000246731",8.58595449148351
"ENSG00000246763",6.02301829709235
"ENSG00000246777",4.14854917917621
"ENSG00000246859",5.73351167989737
"ENSG00000246889",6.02301829709235
"ENSG00000246898",8.17829652257027
"ENSG00000246922",9.48244991572965
"ENSG00000246982",7.98985143315716
"ENSG00000246985",8.79240536895094
"ENSG00000247011",5.73351167989737
"ENSG00000247033",7.98985143315716
"ENSG00000247077",11.892261605783
"ENSG00000247081",7.84898889731731
"ENSG00000247092",9.00653017430379
"ENSG00000247095",9.83971108372929
"ENSG00000247121",7.31847418061853
"ENSG00000247134",9.00653017430379
"ENSG00000247137",9.10274548956309
"ENSG00000247157",6.6510495197054
"ENSG00000247199",8.05543977478473
"ENSG00000247240",7.77304004408401
"ENSG00000247270",5.37094160051266
"ENSG00000247271",10.5465802531494
"ENSG00000247287",8.54086660195497
"ENSG00000247317",6.26402639659615
"ENSG00000247324",6.26402639659615
"ENSG00000247363",5.37094160051266
"ENSG00000247373",6.47047727406358
"ENSG00000247400",9.52937096311715
"ENSG00000247416",5.37094160051266
"ENSG00000247498",7.42156767358263
"ENSG00000247516",11.3677176996384
"ENSG00000247556",14.9340016473348
"ENSG00000247572",9.458404441763
"ENSG00000247595",8.86736742663216
"ENSG00000247596",11.7851737997199
"ENSG00000247626",10.3251379108995
"ENSG00000247627",15.5770838327468
"ENSG00000247679",7.20744286822978
"ENSG00000247708",8.29150713301826
"ENSG00000247728",7.31847418061853
"ENSG00000247735",6.6510495197054
"ENSG00000247746",9.89450355656967
"ENSG00000247765",6.47047727406358
"ENSG00000247774",8.79240536895094
"ENSG00000247796",9.25008720563828
"ENSG00000247809",8.86736742663216
"ENSG00000247828",11.3933094135411
"ENSG00000247853",6.81151419189864
"ENSG00000247934",8.17829652257027
"ENSG00000247950",6.6510495197054
"ENSG00000247982",8.93862610980198
"ENSG00000248008",9.35800254480516
"ENSG00000248015",6.02301829709235
"ENSG00000248019",10.3644865783754
"ENSG00000248049",10.4644534864358
"ENSG00000248079",8.23601202042655
"ENSG00000248092",13.3972674271098
"ENSG00000248098",6.02301829709235
"ENSG00000248115",4.14854917917621
"ENSG00000248124",11.0023785310333
"ENSG00000248144",9.00653017430379
"ENSG00000248159",5.73351167989737
"ENSG00000248161",6.81151419189864
"ENSG00000248165",4.88551477334242
"ENSG00000248174",7.20744286822978
"ENSG00000248175",10.2709458105359
"ENSG00000248180",7.08714863451207
"ENSG00000248210",4.14854917917621
"ENSG00000248240",2.56358667845506
"ENSG00000248275",10.8350497063594
"ENSG00000248278",4.88551477334242
"ENSG00000248280",7.20744286822978
"ENSG00000248309",7.69286969540002
"ENSG00000248323",7.51778298884193
"ENSG00000248333",11.6954436390638
"ENSG00000248334",9.72345801523345
"ENSG00000248360",4.14854917917621
"ENSG00000248362",4.14854917917621
"ENSG00000248367",6.02301829709235
"ENSG00000248415",6.81151419189864
"ENSG00000248429",10.7875883526532
"ENSG00000248431",4.88551477334242
"ENSG00000248441",9.19294329853467
"ENSG00000248445",8.62967586891283
"ENSG00000248449",8.86736742663216
"ENSG00000248468",2.56358667845506
"ENSG00000248476",6.02301829709235
"ENSG00000248485",8.54086660195497
"ENSG00000248487",10.4277728231093
"ENSG00000248489",6.02301829709235
"ENSG00000248503",7.20744286822978
"ENSG00000248508",10.7082449212869
"ENSG00000248514",7.08714863451207
"ENSG00000248527",12.982493409713
"ENSG00000248538",5.73351167989737
"ENSG00000248540",7.20744286822978
"ENSG00000248546",6.95590410123382
"ENSG00000248569",5.73351167989737
"ENSG00000248578",7.60798079781351
"ENSG00000248587",5.37094160051266
"ENSG00000248592",5.73351167989737
"ENSG00000248593",8.05543977478473
"ENSG00000248599",6.47047727406358
"ENSG00000248626",9.70313803085385
"ENSG00000248632",8.1181755301327
"ENSG00000248636",6.02301829709235
"ENSG00000248648",6.26402639659615
"ENSG00000248664",4.88551477334242
"ENSG00000248668",4.88551477334242
"ENSG00000248671",6.47047727406358
"ENSG00000248677",5.37094160051266
"ENSG00000248690",6.02301829709235
"ENSG00000248692",4.88551477334242
"ENSG00000248712",6.6510495197054
"ENSG00000248713",14.3881477084253
"ENSG00000248734",7.77304004408401
"ENSG00000248757",2.56358667845506
"ENSG00000248773",4.14854917917621
"ENSG00000248774",6.47047727406358
"ENSG00000248781",5.37094160051266
"ENSG00000248785",7.20744286822978
"ENSG00000248787",4.14854917917621
"ENSG00000248794",6.02301829709235
"ENSG00000248810",7.98985143315716
"ENSG00000248830",6.95590410123382
"ENSG00000248835",9.52937096311715
"ENSG00000248864",8.4462297278169
"ENSG00000248866",10.7184047875072
"ENSG00000248873",6.6510495197054
"ENSG00000248886",6.47047727406358
"ENSG00000248890",6.47047727406358
"ENSG00000248896",5.37094160051266
"ENSG00000248905",10.5579401153139
"ENSG00000248919",4.14854917917621
"ENSG00000248923",13.944588788006
"ENSG00000248925",5.37094160051266
"ENSG00000248927",4.88551477334242
"ENSG00000248932",8.29150713301826
"ENSG00000248936",4.14854917917621
"ENSG00000248966",7.77304004408401
"ENSG00000248971",6.26402639659615
"ENSG00000248986",8.29150713301826
"ENSG00000248994",6.81151419189864
"ENSG00000249014",6.02301829709235
"ENSG00000249026",8.34494639197972
"ENSG00000249042",9.74349576846999
"ENSG00000249087",8.3964766926198
"ENSG00000249096",9.48244991572965
"ENSG00000249115",10.2430667779605
"ENSG00000249116",10.402790466552
"ENSG00000249119",10.1709169922047
"ENSG00000249129",5.37094160051266
"ENSG00000249138",8.05543977478473
"ENSG00000249145",5.73351167989737
"ENSG00000249184",5.73351167989737
"ENSG00000249201",4.14854917917621
"ENSG00000249210",5.73351167989737
"ENSG00000249212",6.95590410123382
"ENSG00000249222",7.60798079781351
"ENSG00000249242",12.296602000141
"ENSG00000249245",8.23601202042655
"ENSG00000249249",7.20744286822978
"ENSG00000249256",7.77304004408401
"ENSG00000249258",6.02301829709235
"ENSG00000249264",8.05543977478473
"ENSG00000249274",9.00653017430379
"ENSG00000249286",7.98985143315716
"ENSG00000249307",9.35800254480516
"ENSG00000249328",4.88551477334242
"ENSG00000249348",8.49432401601794
"ENSG00000249353",10.9167335039531
"ENSG00000249356",9.27783219612118
"ENSG00000249364",5.73351167989737
"ENSG00000249437",8.58595449148351
"ENSG00000249459",8.54086660195497
"ENSG00000249460",6.26402639659615
"ENSG00000249464",8.71333379795974
"ENSG00000249465",2.56358667845506
"ENSG00000249471",8.54086660195497
"ENSG00000249476",5.37094160051266
"ENSG00000249485",8.4462297278169
"ENSG00000249492",4.88551477334242
"ENSG00000249494",4.14854917917621
"ENSG00000249532",6.26402639659615
"ENSG00000249565",9.13344228678601
"ENSG00000249572",6.02301829709235
"ENSG00000249592",10.1258291026761
"ENSG00000249593",2.56358667845506
"ENSG00000249631",6.47047727406358
"ENSG00000249635",5.73351167989737
"ENSG00000249637",6.26402639659615
"ENSG00000249669",12.7247185614394
"ENSG00000249673",9.94729097092911
"ENSG00000249679",6.6510495197054
"ENSG00000249684",5.37094160051266
"ENSG00000249685",6.02301829709235
"ENSG00000249700",6.6510495197054
"ENSG00000249709",5.37094160051266
"ENSG00000249715",4.14854917917621
"ENSG00000249740",6.26402639659615
"ENSG00000249741",5.37094160051266
"ENSG00000249751",11.9320931399627
"ENSG00000249755",6.47047727406358
"ENSG00000249774",7.42156767358263
"ENSG00000249780",10.0474024557193
"ENSG00000249786",5.37094160051266
"ENSG00000249797",5.37094160051266
"ENSG00000249816",7.20744286822978
"ENSG00000249825",2.56358667845506
"ENSG00000249846",5.37094160051266
"ENSG00000249855",10.698012998676
"ENSG00000249859",8.67211113523323
"ENSG00000249863",6.6510495197054
"ENSG00000249868",9.5061011837943
"ENSG00000249898",4.88551477334242
"ENSG00000249908",6.26402639659615
"ENSG00000249915",13.0075662210563
"ENSG00000249936",9.458404441763
"ENSG00000249992",6.47047727406358
"ENSG00000249996",6.6510495197054
"ENSG00000250007",6.26402639659615
"ENSG00000250012",6.6510495197054
"ENSG00000250041",8.75341123733508
"ENSG00000250046",4.14854917917621
"ENSG00000250049",4.88551477334242
"ENSG00000250056",9.80199141778014
"ENSG00000250061",6.26402639659615
"ENSG00000250067",9.64040227550589
"ENSG00000250072",4.88551477334242
"ENSG00000250073",6.02301829709235
"ENSG00000250075",5.37094160051266
"ENSG00000250091",9.10274548956309
"ENSG00000250125",4.14854917917621
"ENSG00000250131",6.81151419189864
"ENSG00000250132",9.64040227550589
"ENSG00000250138",8.58595449148351
"ENSG00000250144",6.47047727406358
"ENSG00000250159",9.57481393387831
"ENSG00000250182",12.2588149699508
"ENSG00000250186",2.56358667845506
"ENSG00000250208",7.31847418061853
"ENSG00000250220",4.88551477334242
"ENSG00000250222",9.92990889270087
"ENSG00000250240",6.26402639659615
"ENSG00000250251",10.0949681389714
"ENSG00000250280",7.51778298884193
"ENSG00000250282",5.73351167989737
"ENSG00000250286",4.14854917917621
"ENSG00000250295",6.6510495197054
"ENSG00000250303",12.87533499346
"ENSG00000250305",12.9761565252603
"ENSG00000250309",5.73351167989737
"ENSG00000250312",9.99821490609178
"ENSG00000250317",12.5046342847956
"ENSG00000250318",6.02301829709235
"ENSG00000250320",6.02301829709235
"ENSG00000250321",5.73351167989737
"ENSG00000250326",4.88551477334242
"ENSG00000250327",6.02301829709235
"ENSG00000250334",8.1181755301327
"ENSG00000250337",4.14854917917621
"ENSG00000250365",4.14854917917621
"ENSG00000250392",11.9233362387774
"ENSG00000250397",5.73351167989737
"ENSG00000250404",8.05543977478473
"ENSG00000250410",2.56358667845506
"ENSG00000250412",6.26402639659615
"ENSG00000250415",2.56358667845506
"ENSG00000250461",5.37094160051266
"ENSG00000250462",9.98143919334096
"ENSG00000250471",4.88551477334242
"ENSG00000250474",5.37094160051266
"ENSG00000250479",14.6500546719191
"ENSG00000250486",8.17829652257027
"ENSG00000250490",5.73351167989737
"ENSG00000250492",5.73351167989737
"ENSG00000250497",9.96446611473724
"ENSG00000250506",4.88551477334242
"ENSG00000250508",6.6510495197054
"ENSG00000250510",10.5002246174576
"ENSG00000250526",6.6510495197054
"ENSG00000250536",5.73351167989737
"ENSG00000250539",6.95590410123382
"ENSG00000250548",6.47047727406358
"ENSG00000250551",4.14854917917621
"ENSG00000250565",9.59700967999251
"ENSG00000250568",5.73351167989737
"ENSG00000250569",5.73351167989737
"ENSG00000250571",9.43395139803846
"ENSG00000250588",8.62967586891283
"ENSG00000250603",4.14854917917621
"ENSG00000250608",9.10274548956309
"ENSG00000250616",6.6510495197054
"ENSG00000250654",4.88551477334242
"ENSG00000250673",4.14854917917621
"ENSG00000250708",9.96446611473724
"ENSG00000250722",15.9560382742207
"ENSG00000250731",6.26402639659615
"ENSG00000250742",7.77304004408401
"ENSG00000250746",7.60798079781351
"ENSG00000250762",6.02301829709235
"ENSG00000250764",6.02301829709235
"ENSG00000250771",7.42156767358263
"ENSG00000250775",4.88551477334242
"ENSG00000250786",10.6350490410117
"ENSG00000250802",8.58595449148351
"ENSG00000250859",6.26402639659615
"ENSG00000250878",8.86736742663216
"ENSG00000250891",11.0832229312983
"ENSG00000250896",7.20744286822978
"ENSG00000250899",10.390135165746
"ENSG00000250900",5.37094160051266
"ENSG00000250903",9.87646963373941
"ENSG00000250934",5.37094160051266
"ENSG00000250938",6.26402639659615
"ENSG00000250957",5.37094160051266
"ENSG00000250959",9.07138131865375
"ENSG00000250966",5.37094160051266
"ENSG00000250971",4.88551477334242
"ENSG00000250981",8.23601202042655
"ENSG00000250982",8.86736742663216
"ENSG00000250986",8.3964766926198
"ENSG00000250988",5.73351167989737
"ENSG00000250999",4.14854917917621
"ENSG00000251000",6.26402639659615
"ENSG00000251002",5.37094160051266
"ENSG00000251003",6.6510495197054
"ENSG00000251015",4.88551477334242
"ENSG00000251022",12.5422971375614
"ENSG00000251023",7.92113868307314
"ENSG00000251034",4.14854917917621
"ENSG00000251050",5.37094160051266
"ENSG00000251136",9.98143919334096
"ENSG00000251141",10.4523299273533
"ENSG00000251143",7.31847418061853
"ENSG00000251169",6.6510495197054
"ENSG00000251179",5.37094160051266
"ENSG00000251192",9.68252775117857
"ENSG00000251209",7.31847418061853
"ENSG00000251216",7.84898889731731
"ENSG00000251247",9.94729097092911
"ENSG00000251254",6.26402639659615
"ENSG00000251257",5.37094160051266
"ENSG00000251259",5.73351167989737
"ENSG00000251279",4.88551477334242
"ENSG00000251286",7.20744286822978
"ENSG00000251314",5.37094160051266
"ENSG00000251322",13.7881913599936
"ENSG00000251323",6.47047727406358
"ENSG00000251333",6.47047727406358
"ENSG00000251359",7.31847418061853
"ENSG00000251364",8.90343668133968
"ENSG00000251369",11.21104510491
"ENSG00000251396",7.31847418061853
"ENSG00000251399",2.56358667845506
"ENSG00000251400",6.6510495197054
"ENSG00000251405",2.56358667845506
"ENSG00000251411",6.95590410123382
"ENSG00000251417",6.81151419189864
"ENSG00000251429",9.03932010942146
"ENSG00000251432",7.77304004408401
"ENSG00000251442",7.51778298884193
"ENSG00000251443",2.56358667845506
"ENSG00000251448",4.88551477334242
"ENSG00000251450",5.73351167989737
"ENSG00000251459",2.56358667845506
"ENSG00000251468",6.26402639659615
"ENSG00000251474",11.0189138987596
"ENSG00000251485",6.47047727406358
"ENSG00000251495",8.75341123733508
"ENSG00000251520",4.14854917917621
"ENSG00000251537",4.14854917917621
"ENSG00000251562",18.214329924711
"ENSG00000251576",6.02301829709235
"ENSG00000251580",9.82097452114771
"ENSG00000251583",7.98985143315716
"ENSG00000251586",5.37094160051266
"ENSG00000251595",7.92113868307314
"ENSG00000251596",7.69286969540002
"ENSG00000251600",6.47047727406358
"ENSG00000251602",8.34494639197972
"ENSG00000251603",8.23601202042655
"ENSG00000251615",10.6773288445042
"ENSG00000251628",7.92113868307314
"ENSG00000251633",5.73351167989737
"ENSG00000251634",6.02301829709235
"ENSG00000251637",6.6510495197054
"ENSG00000251661",6.02301829709235
"ENSG00000251665",4.14854917917621
"ENSG00000251666",5.73351167989737
"ENSG00000251669",8.23601202042655
"ENSG00000251695",2.56358667845506
"ENSG00000251795",7.08714863451207
"ENSG00000251819",4.88551477334242
"ENSG00000251867",9.22179816120685
"ENSG00000251969",4.88551477334242
"ENSG00000251988",2.56358667845506
"ENSG00000251992",7.92113868307314
"ENSG00000252139",7.31847418061853
"ENSG00000252150",5.37094160051266
"ENSG00000252274",4.88551477334242
"ENSG00000252361",5.37094160051266
"ENSG00000252396",9.07138131865375
"ENSG00000252464",7.69286969540002
"ENSG00000252481",7.42156767358263
"ENSG00000252690",6.95590410123382
"ENSG00000252817",6.26402639659615
"ENSG00000252916",4.88551477334242
"ENSG00000252965",4.88551477334242
"ENSG00000253051",7.42156767358263
"ENSG00000253092",4.14854917917621
"ENSG00000253106",8.67211113523323
"ENSG00000253144",8.83037321914996
"ENSG00000253159",9.43395139803846
"ENSG00000253177",9.43395139803846
"ENSG00000253193",6.6510495197054
"ENSG00000253200",9.48244991572965
"ENSG00000253203",8.54086660195497
"ENSG00000253210",8.17829652257027
"ENSG00000253223",5.73351167989737
"ENSG00000253250",12.9288155277066
"ENSG00000253251",9.10274548956309
"ENSG00000253276",10.7385123609557
"ENSG00000253284",7.69286969540002
"ENSG00000253304",9.5061011837943
"ENSG00000253305",9.59700967999251
"ENSG00000253317",4.14854917917621
"ENSG00000253320",8.34494639197972
"ENSG00000253327",6.81151419189864
"ENSG00000253330",7.31847418061853
"ENSG00000253341",10.0949681389714
"ENSG00000253348",7.08714863451207
"ENSG00000253352",14.9197635089714
"ENSG00000253368",12.2020225924455
"ENSG00000253369",8.4462297278169
"ENSG00000253372",7.42156767358263
"ENSG00000253389",8.54086660195497
"ENSG00000253392",6.02301829709235
"ENSG00000253395",4.88551477334242
"ENSG00000253426",8.93862610980198
"ENSG00000253433",5.37094160051266
"ENSG00000253434",6.81151419189864
"ENSG00000253459",4.14854917917621
"ENSG00000253476",4.88551477334242
"ENSG00000253485",9.96446611473724
"ENSG00000253517",6.6510495197054
"ENSG00000253520",6.95590410123382
"ENSG00000253522",4.88551477334242
"ENSG00000253537",8.86736742663216
"ENSG00000253540",6.26402639659615
"ENSG00000253541",6.47047727406358
"ENSG00000253549",7.51778298884193
"ENSG00000253552",7.08714863451207
"ENSG00000253555",6.02301829709235
"ENSG00000253559",7.08714863451207
"ENSG00000253570",9.00653017430379
"ENSG00000253582",4.14854917917621
"ENSG00000253591",5.37094160051266
"ENSG00000253598",6.95590410123382
"ENSG00000253606",7.20744286822978
"ENSG00000253626",9.458404441763
"ENSG00000253636",6.26402639659615
"ENSG00000253641",6.26402639659615
"ENSG00000253669",7.77304004408401
"ENSG00000253671",7.31847418061853
"ENSG00000253676",7.92113868307314
"ENSG00000253683",10.3773678696721
"ENSG00000253696",5.37094160051266
"ENSG00000253704",6.6510495197054
"ENSG00000253710",10.5119539100397
"ENSG00000253716",8.58595449148351
"ENSG00000253719",14.0049747078017
"ENSG00000253721",7.20744286822978
"ENSG00000253729",14.2799774679527
"ENSG00000253730",4.88551477334242
"ENSG00000253731",10.3773678696721
"ENSG00000253738",13.7564958975671
"ENSG00000253741",4.88551477334242
"ENSG00000253755",4.14854917917621
"ENSG00000253764",5.73351167989737
"ENSG00000253767",8.4462297278169
"ENSG00000253771",7.42156767358263
"ENSG00000253785",6.6510495197054
"ENSG00000253797",12.3101009995935
"ENSG00000253807",6.95590410123382
"ENSG00000253816",6.81151419189864
"ENSG00000253819",7.51778298884193
"ENSG00000253824",4.14854917917621
"ENSG00000253833",6.81151419189864
"ENSG00000253837",7.92113868307314
"ENSG00000253842",9.52937096311715
"ENSG00000253846",7.77304004408401
"ENSG00000253848",4.88551477334242
"ENSG00000253852",6.81151419189864
"ENSG00000253854",4.88551477334242
"ENSG00000253858",5.37094160051266
"ENSG00000253864",10.5235886105231
"ENSG00000253865",4.88551477334242
"ENSG00000253873",9.16349952064219
"ENSG00000253878",5.37094160051266
"ENSG00000253882",6.26402639659615
"ENSG00000253899",7.69286969540002
"ENSG00000253910",10.0634325655383
"ENSG00000253919",7.60798079781351
"ENSG00000253925",6.02301829709235
"ENSG00000253948",8.29150713301826
"ENSG00000253953",8.86736742663216
"ENSG00000253954",6.02301829709235
"ENSG00000253978",5.73351167989737
"ENSG00000253982",10.806760661928
"ENSG00000254002",7.92113868307314
"ENSG00000254004",11.594253814702
"ENSG00000254017",7.51778298884193
"ENSG00000254027",4.88551477334242
"ENSG00000254035",6.95590410123382
"ENSG00000254087",11.2324716627213
"ENSG00000254093",8.67211113523323
"ENSG00000254109",8.17829652257027
"ENSG00000254122",9.70313803085385
"ENSG00000254132",5.37094160051266
"ENSG00000254139",6.02301829709235
"ENSG00000254141",6.47047727406358
"ENSG00000254154",6.95590410123382
"ENSG00000254165",6.6510495197054
"ENSG00000254170",6.02301829709235
"ENSG00000254184",8.97297761459276
"ENSG00000254200",2.56358667845506
"ENSG00000254206",7.42156767358263
"ENSG00000254211",7.77304004408401
"ENSG00000254221",9.07138131865375
"ENSG00000254224",7.60798079781351
"ENSG00000254226",4.14854917917621
"ENSG00000254231",6.81151419189864
"ENSG00000254245",10.4644534864358
"ENSG00000254251",4.88551477334242
"ENSG00000254281",4.88551477334242
"ENSG00000254285",6.6510495197054
"ENSG00000254288",6.02301829709235
"ENSG00000254332",7.20744286822978
"ENSG00000254343",8.05543977478473
"ENSG00000254353",7.51778298884193
"ENSG00000254363",7.31847418061853
"ENSG00000254373",9.38376564087025
"ENSG00000254387",6.81151419189864
"ENSG00000254389",4.14854917917621
"ENSG00000254400",6.47047727406358
"ENSG00000254402",6.6510495197054
"ENSG00000254409",5.37094160051266
"ENSG00000254414",7.77304004408401
"ENSG00000254415",8.23601202042655
"ENSG00000254419",6.02301829709235
"ENSG00000254427",5.37094160051266
"ENSG00000254449",6.02301829709235
"ENSG00000254453",11.2395437113968
"ENSG00000254455",6.02301829709235
"ENSG00000254459",5.73351167989737
"ENSG00000254461",7.08714863451207
"ENSG00000254469",8.49432401601794
"ENSG00000254470",9.48244991572965
"ENSG00000254473",8.3964766926198
"ENSG00000254477",5.37094160051266
"ENSG00000254481",7.31847418061853
"ENSG00000254485",2.56358667845506
"ENSG00000254505",7.92113868307314
"ENSG00000254510",8.67211113523323
"ENSG00000254528",5.37094160051266
"ENSG00000254531",8.05543977478473
"ENSG00000254533",6.81151419189864
"ENSG00000254535",8.83037321914996
"ENSG00000254539",11.4308654181647
"ENSG00000254552",7.08714863451207
"ENSG00000254554",6.6510495197054
"ENSG00000254577",7.31847418061853
"ENSG00000254589",6.47047727406358
"ENSG00000254595",6.95590410123382
"ENSG00000254598",8.17829652257027
"ENSG00000254602",6.02301829709235
"ENSG00000254612",10.1856384979114
"ENSG00000254614",10.1410155064908
"ENSG00000254615",7.42156767358263
"ENSG00000254634",6.47047727406358
"ENSG00000254635",11.5997602910085
"ENSG00000254636",4.14854917917621
"ENSG00000254648",4.14854917917621
"ENSG00000254667",6.95590410123382
"ENSG00000254676",6.26402639659615
"ENSG00000254681",6.6510495197054
"ENSG00000254682",6.81151419189864
"ENSG00000254685",11.8877672250738
"ENSG00000254690",6.81151419189864
"ENSG00000254703",7.42156767358263
"ENSG00000254708",5.37094160051266
"ENSG00000254718",6.02301829709235
"ENSG00000254719",6.47047727406358
"ENSG00000254726",6.95590410123382
"ENSG00000254731",4.14854917917621
"ENSG00000254741",8.58595449148351
"ENSG00000254744",5.37094160051266
"ENSG00000254759",6.47047727406358
"ENSG00000254783",6.6510495197054
"ENSG00000254810",8.83037321914996
"ENSG00000254812",4.88551477334242
"ENSG00000254837",9.13344228678601
"ENSG00000254838",9.64040227550589
"ENSG00000254851",5.37094160051266
"ENSG00000254854",4.88551477334242
"ENSG00000254855",7.08714863451207
"ENSG00000254858",10.7779057992558
"ENSG00000254859",6.26402639659615
"ENSG00000254860",9.19294329853467
"ENSG00000254862",2.56358667845506
"ENSG00000254876",8.71333379795974
"ENSG00000254893",9.27783219612118
"ENSG00000254901",11.5720153005256
"ENSG00000254910",6.81151419189864
"ENSG00000254911",7.60798079781351
"ENSG00000254912",6.02301829709235
"ENSG00000254944",5.73351167989737
"ENSG00000254966",5.37094160051266
"ENSG00000254981",6.95590410123382
"ENSG00000254982",6.95590410123382
"ENSG00000254986",10.5803949661416
"ENSG00000254995",8.75341123733508
"ENSG00000254996",7.08714863451207
"ENSG00000254999",14.6205630146333
"ENSG00000255020",7.08714863451207
"ENSG00000255031",7.69286969540002
"ENSG00000255035",6.02301829709235
"ENSG00000255038",5.37094160051266
"ENSG00000255040",8.4462297278169
"ENSG00000255042",6.47047727406358
"ENSG00000255052",8.1181755301327
"ENSG00000255062",5.37094160051266
"ENSG00000255085",10.0634325655383
"ENSG00000255090",4.14854917917621
"ENSG00000255100",5.73351167989737
"ENSG00000255103",10.0634325655383
"ENSG00000255112",14.2222444705811
"ENSG00000255121",8.1181755301327
"ENSG00000255122",6.6510495197054
"ENSG00000255129",2.56358667845506
"ENSG00000255135",10.8536055253877
"ENSG00000255139",4.88551477334242
"ENSG00000255142",5.37094160051266
"ENSG00000255145",7.20744286822978
"ENSG00000255146",5.37094160051266
"ENSG00000255150",8.3964766926198
"ENSG00000255153",6.47047727406358
"ENSG00000255160",8.97297761459276
"ENSG00000255176",9.57481393387831
"ENSG00000255182",6.95590410123382
"ENSG00000255197",7.42156767358263
"ENSG00000255198",8.75341123733508
"ENSG00000255200",8.54086660195497
"ENSG00000255222",2.56358667845506
"ENSG00000255224",5.37094160051266
"ENSG00000255231",7.60798079781351
"ENSG00000255234",5.37094160051266
"ENSG00000255236",5.73351167989737
"ENSG00000255248",13.0301730161743
"ENSG00000255250",5.37094160051266
"ENSG00000255252",4.88551477334242
"ENSG00000255277",6.02301829709235
"ENSG00000255284",7.51778298884193
"ENSG00000255302",15.4209845701563
"ENSG00000255308",6.6510495197054
"ENSG00000255310",9.70313803085385
"ENSG00000255318",5.37094160051266
"ENSG00000255322",5.37094160051266
"ENSG00000255325",4.14854917917621
"ENSG00000255326",5.37094160051266
"ENSG00000255328",7.51778298884193
"ENSG00000255337",5.37094160051266
"ENSG00000255346",5.73351167989737
"ENSG00000255364",5.37094160051266
"ENSG00000255366",8.58595449148351
"ENSG00000255389",7.92113868307314
"ENSG00000255394",8.05543977478473
"ENSG00000255397",7.60798079781351
"ENSG00000255398",4.14854917917621
"ENSG00000255399",10.6563438193749
"ENSG00000255418",4.88551477334242
"ENSG00000255423",8.3964766926198
"ENSG00000255435",7.77304004408401
"ENSG00000255449",6.47047727406358
"ENSG00000255455",10.8443574485857
"ENSG00000255458",6.26402639659615
"ENSG00000255462",4.88551477334242
"ENSG00000255465",6.6510495197054
"ENSG00000255468",7.08714863451207
"ENSG00000255471",9.38376564087025
"ENSG00000255479",5.73351167989737
"ENSG00000255487",5.37094160051266
"ENSG00000255495",8.17829652257027
"ENSG00000255504",6.47047727406358
"ENSG00000255507",4.88551477334242
"ENSG00000255517",7.77304004408401
"ENSG00000255529",13.56991275698
"ENSG00000255559",5.37094160051266
"ENSG00000255561",7.84898889731731
"ENSG00000255571",5.73351167989737
"ENSG00000255580",6.02301829709235
"ENSG00000255587",4.14854917917621
"ENSG00000255622",4.14854917917621
"ENSG00000255633",9.16349952064219
"ENSG00000255642",7.77304004408401
"ENSG00000255651",5.73351167989737
"ENSG00000255652",5.37094160051266
"ENSG00000255655",6.02301829709235
"ENSG00000255710",9.89450355656967
"ENSG00000255717",12.4629436013782
"ENSG00000255727",4.88551477334242
"ENSG00000255733",4.88551477334242
"ENSG00000255737",8.05543977478473
"ENSG00000255746",2.56358667845506
"ENSG00000255772",6.95590410123382
"ENSG00000255794",8.34494639197972
"ENSG00000255823",12.5451539603581
"ENSG00000255836",7.77304004408401
"ENSG00000255837",7.77304004408401
"ENSG00000255856",7.20744286822978
"ENSG00000255857",7.98985143315716
"ENSG00000255874",6.02301829709235
"ENSG00000255883",8.23601202042655
"ENSG00000255909",6.47047727406358
"ENSG00000255920",4.14854917917621
"ENSG00000255966",6.47047727406358
"ENSG00000255967",7.92113868307314
"ENSG00000255986",7.51778298884193
"ENSG00000255992",5.73351167989737
"ENSG00000255993",6.02301829709235
"ENSG00000256030",5.37094160051266
"ENSG00000256043",11.7509387516556
"ENSG00000256045",9.98143919334096
"ENSG00000256053",11.3218098931818
"ENSG00000256060",10.9255304521903
"ENSG00000256061",5.73351167989737
"ENSG00000256069",7.20744286822978
"ENSG00000256073",10.0792865167391
"ENSG00000256087",11.4370307909704
"ENSG00000256092",5.37094160051266
"ENSG00000256103",5.37094160051266
"ENSG00000256116",6.47047727406358
"ENSG00000256139",7.69286969540002
"ENSG00000256143",4.88551477334242
"ENSG00000256148",8.97297761459276
"ENSG00000256164",6.02301829709235
"ENSG00000256167",6.26402639659615
"ENSG00000256185",7.69286969540002
"ENSG00000256204",6.26402639659615
"ENSG00000256210",6.81151419189864
"ENSG00000256211",7.08714863451207
"ENSG00000256223",12.5046342847956
"ENSG00000256229",9.72345801523345
"ENSG00000256234",4.88551477334242
"ENSG00000256238",6.95590410123382
"ENSG00000256257",7.20744286822978
"ENSG00000256262",4.14854917917621
"ENSG00000256268",4.88551477334242
"ENSG00000256269",11.2743931121544
"ENSG00000256271",4.14854917917621
"ENSG00000256293",7.42156767358263
"ENSG00000256294",9.68252775117857
"ENSG00000256304",10.3773678696721
"ENSG00000256338",6.95590410123382
"ENSG00000256340",5.37094160051266
"ENSG00000256356",7.20744286822978
"ENSG00000256360",5.73351167989737
"ENSG00000256383",8.29150713301826
"ENSG00000256393",6.02301829709235
"ENSG00000256427",2.56358667845506
"ENSG00000256433",7.69286969540002
"ENSG00000256436",7.42156767358263
"ENSG00000256443",9.25008720563828
"ENSG00000256448",4.14854917917621
"ENSG00000256453",6.6510495197054
"ENSG00000256464",4.88551477334242
"ENSG00000256508",4.14854917917621
"ENSG00000256525",11.0753393322224
"ENSG00000256537",8.34494639197972
"ENSG00000256540",7.98985143315716
"ENSG00000256546",6.47047727406358
"ENSG00000256568",4.88551477334242
"ENSG00000256576",6.81151419189864
"ENSG00000256591",6.6510495197054
"ENSG00000256594",8.90343668133968
"ENSG00000256604",6.26402639659615
"ENSG00000256612",5.37094160051266
"ENSG00000256616",4.88551477334242
"ENSG00000256618",6.26402639659615
"ENSG00000256628",9.5061011837943
"ENSG00000256660",6.81151419189864
"ENSG00000256667",8.05543977478473
"ENSG00000256672",7.51778298884193
"ENSG00000256673",4.14854917917621
"ENSG00000256683",10.6350490410117
"ENSG00000256690",5.37094160051266
"ENSG00000256694",8.54086660195497
"ENSG00000256742",6.26402639659615
"ENSG00000256745",7.77304004408401
"ENSG00000256751",9.72345801523345
"ENSG00000256771",10.4883991820608
"ENSG00000256837",6.02301829709235
"ENSG00000256849",4.88551477334242
"ENSG00000256879",6.81151419189864
"ENSG00000256884",5.73351167989737
"ENSG00000256885",4.88551477334242
"ENSG00000256913",7.42156767358263
"ENSG00000256940",5.37094160051266
"ENSG00000256968",7.42156767358263
"ENSG00000256973",8.1181755301327
"ENSG00000257002",5.73351167989737
"ENSG00000257017",9.48244991572965
"ENSG00000257027",8.34494639197972
"ENSG00000257038",6.81151419189864
"ENSG00000257043",6.47047727406358
"ENSG00000257052",4.88551477334242
"ENSG00000257074",6.6510495197054
"ENSG00000257086",6.95590410123382
"ENSG00000257093",13.462188065859
"ENSG00000257103",14.2168796238379
"ENSG00000257108",6.02301829709235
"ENSG00000257122",10.0311922285381
"ENSG00000257135",6.47047727406358
"ENSG00000257150",6.26402639659615
"ENSG00000257151",13.0504217000181
"ENSG00000257167",6.26402639659615
"ENSG00000257175",6.47047727406358
"ENSG00000257176",11.2465812621367
"ENSG00000257181",7.84898889731731
"ENSG00000257207",7.77304004408401
"ENSG00000257210",4.88551477334242
"ENSG00000257218",11.0023785310333
"ENSG00000257219",6.02301829709235
"ENSG00000257225",2.56358667845506
"ENSG00000257231",2.56358667845506
"ENSG00000257242",7.20744286822978
"ENSG00000257243",4.88551477334242
"ENSG00000257252",7.92113868307314
"ENSG00000257259",6.02301829709235
"ENSG00000257261",7.51778298884193
"ENSG00000257267",13.2457034434051
"ENSG00000257272",4.14854917917621
"ENSG00000257279",5.73351167989737
"ENSG00000257285",2.56358667845506
"ENSG00000257298",6.81151419189864
"ENSG00000257303",8.93862610980198
"ENSG00000257315",10.4401036250201
"ENSG00000257322",4.14854917917621
"ENSG00000257327",6.81151419189864
"ENSG00000257335",8.1181755301327
"ENSG00000257337",12.0891074875501
"ENSG00000257354",8.23601202042655
"ENSG00000257365",11.0832229312983
"ENSG00000257376",6.95590410123382
"ENSG00000257390",6.02301829709235
"ENSG00000257405",7.31847418061853
"ENSG00000257433",6.02301829709235
"ENSG00000257497",6.26402639659615
"ENSG00000257499",9.5061011837943
"ENSG00000257507",4.88551477334242
"ENSG00000257509",6.02301829709235
"ENSG00000257511",8.58595449148351
"ENSG00000257524",5.73351167989737
"ENSG00000257526",2.56358667845506
"ENSG00000257542",8.29150713301826
"ENSG00000257551",2.56358667845506
"ENSG00000257556",5.37094160051266
"ENSG00000257557",6.81151419189864
"ENSG00000257564",5.37094160051266
"ENSG00000257573",6.26402639659615
"ENSG00000257576",7.20744286822978
"ENSG00000257605",6.95590410123382
"ENSG00000257613",4.88551477334242
"ENSG00000257621",13.7152375084285
"ENSG00000257624",6.47047727406358
"ENSG00000257681",5.37094160051266
"ENSG00000257698",11.0023785310333
"ENSG00000257702",8.58595449148351
"ENSG00000257704",9.3050536648562
"ENSG00000257718",6.26402639659615
"ENSG00000257727",10.402790466552
"ENSG00000257735",6.26402639659615
"ENSG00000257742",10.5692112276489
"ENSG00000257773",6.26402639659615
"ENSG00000257800",7.69286969540002
"ENSG00000257809",2.56358667845506
"ENSG00000257815",7.77304004408401
"ENSG00000257838",4.88551477334242
"ENSG00000257839",6.95590410123382
"ENSG00000257851",7.69286969540002
"ENSG00000257859",6.26402639659615
"ENSG00000257877",6.95590410123382
"ENSG00000257913",6.47047727406358
"ENSG00000257918",4.88551477334242
"ENSG00000257923",14.2808346842827
"ENSG00000257950",6.26402639659615
"ENSG00000258016",7.42156767358263
"ENSG00000258017",6.81151419189864
"ENSG00000258056",11.0433669424842
"ENSG00000258057",9.5061011837943
"ENSG00000258090",4.88551477334242
"ENSG00000258092",4.14854917917621
"ENSG00000258137",4.14854917917621
"ENSG00000258153",7.31847418061853
"ENSG00000258171",6.02301829709235
"ENSG00000258199",9.5061011837943
"ENSG00000258227",9.3050536648562
"ENSG00000258245",6.95590410123382
"ENSG00000258274",6.26402639659615
"ENSG00000258282",7.42156767358263
"ENSG00000258289",13.7809385837254
"ENSG00000258297",10.0147977902874
"ENSG00000258301",10.5119539100397
"ENSG00000258302",4.14854917917621
"ENSG00000258311",8.75341123733508
"ENSG00000258315",6.81151419189864
"ENSG00000258325",6.6510495197054
"ENSG00000258357",6.95590410123382
"ENSG00000258359",5.37094160051266
"ENSG00000258365",5.73351167989737
"ENSG00000258366",6.02301829709235
"ENSG00000258376",4.88551477334242
"ENSG00000258377",5.37094160051266
"ENSG00000258388",6.26402639659615
"ENSG00000258399",6.47047727406358
"ENSG00000258405",8.58595449148351
"ENSG00000258427",6.95590410123382
"ENSG00000258430",4.88551477334242
"ENSG00000258441",11.7005777905353
"ENSG00000258444",11.514871393422
"ENSG00000258454",4.88551477334242
"ENSG00000258457",7.92113868307314
"ENSG00000258458",4.14854917917621
"ENSG00000258461",8.71333379795974
"ENSG00000258469",5.37094160051266
"ENSG00000258472",7.08714863451207
"ENSG00000258476",7.60798079781351
"ENSG00000258479",6.02301829709235
"ENSG00000258484",7.77304004408401
"ENSG00000258486",11.57760714877
"ENSG00000258498",8.75341123733508
"ENSG00000258539",4.88551477334242
"ENSG00000258559",8.1181755301327
"ENSG00000258561",6.26402639659615
"ENSG00000258572",5.73351167989737
"ENSG00000258580",6.6510495197054
"ENSG00000258581",5.73351167989737
"ENSG00000258584",2.56358667845506
"ENSG00000258590",5.73351167989737
"ENSG00000258591",2.56358667845506
"ENSG00000258602",9.3050536648562
"ENSG00000258603",7.84898889731731
"ENSG00000258604",7.77304004408401
"ENSG00000258608",7.51778298884193
"ENSG00000258628",6.47047727406358
"ENSG00000258634",9.83971108372929
"ENSG00000258636",4.14854917917621
"ENSG00000258643",5.37094160051266
"ENSG00000258645",6.47047727406358
"ENSG00000258646",2.56358667845506
"ENSG00000258647",4.88551477334242
"ENSG00000258655",11.1220073917237
"ENSG00000258667",10.7284936051307
"ENSG00000258675",2.56358667845506
"ENSG00000258682",7.84898889731731
"ENSG00000258695",2.56358667845506
"ENSG00000258696",5.73351167989737
"ENSG00000258701",5.73351167989737
"ENSG00000258704",6.95590410123382
"ENSG00000258708",9.19294329853467
"ENSG00000258725",6.02301829709235
"ENSG00000258727",9.91231483268614
"ENSG00000258733",6.81151419189864
"ENSG00000258738",7.77304004408401
"ENSG00000258741",5.73351167989737
"ENSG00000258763",6.47047727406358
"ENSG00000258768",7.69286969540002
"ENSG00000258780",6.02301829709235
"ENSG00000258789",7.08714863451207
"ENSG00000258790",4.14854917917621
"ENSG00000258794",5.37094160051266
"ENSG00000258810",5.73351167989737
"ENSG00000258819",9.25008720563828
"ENSG00000258824",9.25008720563828
"ENSG00000258839",9.52937096311715
"ENSG00000258851",6.81151419189864
"ENSG00000258875",5.37094160051266
"ENSG00000258890",12.3067380725676
"ENSG00000258896",6.02301829709235
"ENSG00000258900",6.47047727406358
"ENSG00000258907",4.14854917917621
"ENSG00000258920",8.58595449148351
"ENSG00000258938",4.88551477334242
"ENSG00000258940",6.47047727406358
"ENSG00000258944",5.37094160051266
"ENSG00000258949",6.02301829709235
"ENSG00000258957",5.37094160051266
"ENSG00000258976",4.88551477334242
"ENSG00000258998",2.56358667845506
"ENSG00000258999",5.73351167989737
"ENSG00000259001",5.37094160051266
"ENSG00000259004",5.37094160051266
"ENSG00000259015",5.37094160051266
"ENSG00000259030",12.9676638146963
"ENSG00000259032",7.51778298884193
"ENSG00000259037",6.81151419189864
"ENSG00000259045",9.458404441763
"ENSG00000259048",5.37094160051266
"ENSG00000259049",4.14854917917621
"ENSG00000259051",6.6510495197054
"ENSG00000259052",2.56358667845506
"ENSG00000259065",8.71333379795974
"ENSG00000259070",10.2570736359544
"ENSG00000259071",6.95590410123382
"ENSG00000259081",6.47047727406358
"ENSG00000259088",5.73351167989737
"ENSG00000259091",4.14854917917621
"ENSG00000259124",4.14854917917621
"ENSG00000259129",6.26402639659615
"ENSG00000259134",9.94729097092911
"ENSG00000259137",9.00653017430379
"ENSG00000259138",4.14854917917621
"ENSG00000259146",4.88551477334242
"ENSG00000259153",6.47047727406358
"ENSG00000259158",6.02301829709235
"ENSG00000259172",5.37094160051266
"ENSG00000259182",5.37094160051266
"ENSG00000259205",7.51778298884193
"ENSG00000259207",10.1258291026761
"ENSG00000259244",6.47047727406358
"ENSG00000259248",8.23601202042655
"ENSG00000259251",4.88551477334242
"ENSG00000259287",6.95590410123382
"ENSG00000259291",12.0291530832645
"ENSG00000259295",8.3964766926198
"ENSG00000259299",7.92113868307314
"ENSG00000259305",5.73351167989737
"ENSG00000259315",6.02301829709235
"ENSG00000259318",7.20744286822978
"ENSG00000259319",11.3084205159546
"ENSG00000259321",6.81151419189864
"ENSG00000259326",4.14854917917621
"ENSG00000259330",11.9364517385676
"ENSG00000259344",7.60798079781351
"ENSG00000259349",4.14854917917621
"ENSG00000259353",4.88551477334242
"ENSG00000259362",7.92113868307314
"ENSG00000259363",8.67211113523323
"ENSG00000259366",8.86736742663216
"ENSG00000259370",9.22179816120685
"ENSG00000259376",4.14854917917621
"ENSG00000259378",5.73351167989737
"ENSG00000259394",5.73351167989737
"ENSG00000259407",6.26402639659615
"ENSG00000259408",5.37094160051266
"ENSG00000259417",11.594253814702
"ENSG00000259419",6.95590410123382
"ENSG00000259420",4.14854917917621
"ENSG00000259426",4.88551477334242
"ENSG00000259431",9.59700967999251
"ENSG00000259448",7.98985143315716
"ENSG00000259456",6.95590410123382
"ENSG00000259460",6.26402639659615
"ENSG00000259479",7.98985143315716
"ENSG00000259480",9.22179816120685
"ENSG00000259494",11.57760714877
"ENSG00000259495",4.88551477334242
"ENSG00000259498",8.54086660195497
"ENSG00000259511",8.05543977478473
"ENSG00000259516",6.47047727406358
"ENSG00000259520",7.31847418061853
"ENSG00000259523",8.17829652257027
"ENSG00000259524",5.73351167989737
"ENSG00000259529",7.51778298884193
"ENSG00000259531",6.6510495197054
"ENSG00000259539",4.14854917917621
"ENSG00000259556",8.97297761459276
"ENSG00000259562",7.51778298884193
"ENSG00000259577",5.73351167989737
"ENSG00000259583",6.6510495197054
"ENSG00000259585",6.81151419189864
"ENSG00000259592",5.37094160051266
"ENSG00000259605",6.02301829709235
"ENSG00000259606",5.37094160051266
"ENSG00000259612",9.68252775117857
"ENSG00000259623",10.6025056677474
"ENSG00000259630",7.77304004408401
"ENSG00000259644",6.95590410123382
"ENSG00000259658",7.77304004408401
"ENSG00000259659",6.47047727406358
"ENSG00000259660",7.08714863451207
"ENSG00000259664",6.95590410123382
"ENSG00000259668",2.56358667845506
"ENSG00000259673",9.80199141778014
"ENSG00000259685",6.95590410123382
"ENSG00000259687",6.6510495197054
"ENSG00000259702",5.73351167989737
"ENSG00000259705",5.37094160051266
"ENSG00000259706",8.75341123733508
"ENSG00000259711",5.37094160051266
"ENSG00000259716",10.2709458105359
"ENSG00000259719",4.88551477334242
"ENSG00000259726",9.61886911395625
"ENSG00000259727",8.79240536895094
"ENSG00000259728",6.47047727406358
"ENSG00000259736",5.37094160051266
"ENSG00000259744",7.92113868307314
"ENSG00000259746",7.20744286822978
"ENSG00000259750",6.26402639659615
"ENSG00000259758",13.2838309367426
"ENSG00000259768",6.02301829709235
"ENSG00000259775",6.02301829709235
"ENSG00000259781",11.9145258600015
"ENSG00000259790",7.77304004408401
"ENSG00000259799",5.73351167989737
"ENSG00000259802",6.95590410123382
"ENSG00000259804",5.37094160051266
"ENSG00000259806",7.98985143315716
"ENSG00000259820",13.4772241065042
"ENSG00000259826",6.47047727406358
"ENSG00000259828",10.7681578227043
"ENSG00000259834",5.37094160051266
"ENSG00000259838",6.02301829709235
"ENSG00000259863",5.37094160051266
"ENSG00000259865",10.0634325655383
"ENSG00000259869",4.14854917917621
"ENSG00000259877",9.33177100323199
"ENSG00000259882",7.69286969540002
"ENSG00000259883",7.20744286822978
"ENSG00000259886",8.75341123733508
"ENSG00000259891",8.58595449148351
"ENSG00000259894",4.14854917917621
"ENSG00000259901",7.42156767358263
"ENSG00000259915",6.47047727406358
"ENSG00000259917",8.93862610980198
"ENSG00000259918",9.25008720563828
"ENSG00000259921",6.6510495197054
"ENSG00000259932",4.14854917917621
"ENSG00000259935",5.73351167989737
"ENSG00000259939",5.37094160051266
"ENSG00000259940",5.37094160051266
"ENSG00000259943",10.8900161655774
"ENSG00000259948",7.77304004408401
"ENSG00000259953",8.1181755301327
"ENSG00000259954",5.37094160051266
"ENSG00000259959",8.93862610980198
"ENSG00000259969",8.90343668133968
"ENSG00000259972",9.13344228678601
"ENSG00000259976",12.492845087092
"ENSG00000259985",6.81151419189864
"ENSG00000259994",7.84898889731731
"ENSG00000260000",8.3964766926198
"ENSG00000260001",6.47047727406358
"ENSG00000260006",8.79240536895094
"ENSG00000260011",6.02301829709235
"ENSG00000260018",4.14854917917621
"ENSG00000260023",6.02301829709235
"ENSG00000260025",7.98985143315716
"ENSG00000260027",7.08714863451207
"ENSG00000260032",16.304105320567
"ENSG00000260038",5.73351167989737
"ENSG00000260046",4.88551477334242
"ENSG00000260054",10.8809992922199
"ENSG00000260060",6.02301829709235
"ENSG00000260063",6.6510495197054
"ENSG00000260065",11.0352618928471
"ENSG00000260077",9.64040227550589
"ENSG00000260081",5.37094160051266
"ENSG00000260083",8.4462297278169
"ENSG00000260086",5.37094160051266
"ENSG00000260095",2.56358667845506
"ENSG00000260101",4.88551477334242
"ENSG00000260105",5.73351167989737
"ENSG00000260111",5.37094160051266
"ENSG00000260114",8.4462297278169
"ENSG00000260118",6.81151419189864
"ENSG00000260121",5.73351167989737
"ENSG00000260136",6.47047727406358
"ENSG00000260139",8.23601202042655
"ENSG00000260144",4.14854917917621
"ENSG00000260160",6.81151419189864
"ENSG00000260179",5.37094160051266
"ENSG00000260186",10.5119539100397
"ENSG00000260190",2.56358667845506
"ENSG00000260193",6.6510495197054
"ENSG00000260196",8.34494639197972
"ENSG00000260219",7.08714863451207
"ENSG00000260228",5.37094160051266
"ENSG00000260230",11.1746114757624
"ENSG00000260231",10.9342740852623
"ENSG00000260233",6.26402639659615
"ENSG00000260236",6.47047727406358
"ENSG00000260244",12.0693982323747
"ENSG00000260248",7.31847418061853
"ENSG00000260257",9.10274548956309
"ENSG00000260260",8.34494639197972
"ENSG00000260261",7.98985143315716
"ENSG00000260267",10.0474024557193
"ENSG00000260273",4.88551477334242
"ENSG00000260274",7.69286969540002
"ENSG00000260276",8.29150713301826
"ENSG00000260285",7.84898889731731
"ENSG00000260290",8.54086660195497
"ENSG00000260296",6.81151419189864
"ENSG00000260300",6.95590410123382
"ENSG00000260306",7.98985143315716
"ENSG00000260317",7.60798079781351
"ENSG00000260318",6.02301829709235
"ENSG00000260326",4.14854917917621
"ENSG00000260329",9.10274548956309
"ENSG00000260331",4.14854917917621
"ENSG00000260336",12.2020225924455
"ENSG00000260339",4.14854917917621
"ENSG00000260352",2.56358667845506
"ENSG00000260359",6.02301829709235
"ENSG00000260360",5.37094160051266
"ENSG00000260361",6.02301829709235
"ENSG00000260366",2.56358667845506
"ENSG00000260368",4.14854917917621
"ENSG00000260388",6.26402639659615
"ENSG00000260396",7.84898889731731
"ENSG00000260398",10.8900161655774
"ENSG00000260400",6.81151419189864
"ENSG00000260401",10.1709169922047
"ENSG00000260404",11.0910636845155
"ENSG00000260409",6.02301829709235
"ENSG00000260432",7.98985143315716
"ENSG00000260442",6.02301829709235
"ENSG00000260448",8.23601202042655
"ENSG00000260456",4.88551477334242
"ENSG00000260460",5.73351167989737
"ENSG00000260461",9.5061011837943
"ENSG00000260464",5.37094160051266
"ENSG00000260468",5.37094160051266
"ENSG00000260482",9.89450355656967
"ENSG00000260484",6.02301829709235
"ENSG00000260490",7.31847418061853
"ENSG00000260492",7.20744286822978
"ENSG00000260493",2.56358667845506
"ENSG00000260495",4.88551477334242
"ENSG00000260516",4.14854917917621
"ENSG00000260517",6.26402639659615
"ENSG00000260518",7.08714863451207
"ENSG00000260521",6.81151419189864
"ENSG00000260523",7.08714863451207
"ENSG00000260526",7.31847418061853
"ENSG00000260528",8.79240536895094
"ENSG00000260534",9.3050536648562
"ENSG00000260539",12.2128428559724
"ENSG00000260549",9.66161876141559
"ENSG00000260552",4.88551477334242
"ENSG00000260563",9.33177100323199
"ENSG00000260565",12.4719792992288
"ENSG00000260572",8.34494639197972
"ENSG00000260578",6.47047727406358
"ENSG00000260579",7.08714863451207
"ENSG00000260583",7.51778298884193
"ENSG00000260589",7.42156767358263
"ENSG00000260591",7.20744286822978
"ENSG00000260604",10.4277728231093
"ENSG00000260614",4.88551477334242
"ENSG00000260619",6.02301829709235
"ENSG00000260625",7.84898889731731
"ENSG00000260628",7.69286969540002
"ENSG00000260630",8.93862610980198
"ENSG00000260633",6.95590410123382
"ENSG00000260641",7.20744286822978
"ENSG00000260643",5.37094160051266
"ENSG00000260645",8.3964766926198
"ENSG00000260647",5.37094160051266
"ENSG00000260655",4.14854917917621
"ENSG00000260658",8.34494639197972
"ENSG00000260669",4.14854917917621
"ENSG00000260672",5.37094160051266
"ENSG00000260682",8.62967586891283
"ENSG00000260686",8.17829652257027
"ENSG00000260693",6.81151419189864
"ENSG00000260698",5.73351167989737
"ENSG00000260708",9.43395139803846
"ENSG00000260711",7.98985143315716
"ENSG00000260729",5.73351167989737
"ENSG00000260742",7.51778298884193
"ENSG00000260743",5.37094160051266
"ENSG00000260747",10.4277728231093
"ENSG00000260751",7.42156767358263
"ENSG00000260766",8.90343668133968
"ENSG00000260769",4.88551477334242
"ENSG00000260774",8.05543977478473
"ENSG00000260778",5.73351167989737
"ENSG00000260781",6.47047727406358
"ENSG00000260782",4.14854917917621
"ENSG00000260787",6.47047727406358
"ENSG00000260793",8.17829652257027
"ENSG00000260804",10.4883991820608
"ENSG00000260806",6.95590410123382
"ENSG00000260807",8.83037321914996
"ENSG00000260822",12.0168573124657
"ENSG00000260824",6.02301829709235
"ENSG00000260833",7.31847418061853
"ENSG00000260837",11.6954436390638
"ENSG00000260841",8.93862610980198
"ENSG00000260852",8.54086660195497
"ENSG00000260855",8.58595449148351
"ENSG00000260868",4.14854917917621
"ENSG00000260871",2.56358667845506
"ENSG00000260872",6.6510495197054
"ENSG00000260879",6.81151419189864
"ENSG00000260896",6.47047727406358
"ENSG00000260910",5.37094160051266
"ENSG00000260911",4.88551477334242
"ENSG00000260912",11.0674124164508
"ENSG00000260916",12.296602000141
"ENSG00000260917",10.5351302324058
"ENSG00000260918",8.71333379795974
"ENSG00000260920",7.31847418061853
"ENSG00000260923",5.37094160051266
"ENSG00000260924",5.73351167989737
"ENSG00000260931",4.14854917917621
"ENSG00000260936",6.47047727406358
"ENSG00000260938",7.31847418061853
"ENSG00000260940",6.02301829709235
"ENSG00000260941",6.95590410123382
"ENSG00000260942",8.83037321914996
"ENSG00000260947",8.75341123733508
"ENSG00000260948",6.47047727406358
"ENSG00000260949",4.14854917917621
"ENSG00000260966",9.80199141778014
"ENSG00000260971",5.37094160051266
"ENSG00000260977",7.60798079781351
"ENSG00000260987",2.56358667845506
"ENSG00000260988",4.88551477334242
"ENSG00000260992",6.26402639659615
"ENSG00000260996",7.60798079781351
"ENSG00000260997",4.88551477334242
"ENSG00000261005",9.19294329853467
"ENSG00000261015",9.25008720563828
"ENSG00000261019",6.47047727406358
"ENSG00000261051",6.47047727406358
"ENSG00000261052",4.14854917917621
"ENSG00000261054",9.59700967999251
"ENSG00000261061",8.67211113523323
"ENSG00000261064",7.84898889731731
"ENSG00000261067",5.37094160051266
"ENSG00000261069",10.2982962986809
"ENSG00000261071",4.88551477334242
"ENSG00000261079",4.88551477334242
"ENSG00000261083",4.14854917917621
"ENSG00000261087",8.3964766926198
"ENSG00000261088",8.71333379795974
"ENSG00000261094",8.79240536895094
"ENSG00000261098",8.62967586891283
"ENSG00000261101",7.98985143315716
"ENSG00000261105",5.37094160051266
"ENSG00000261114",7.08714863451207
"ENSG00000261115",13.3829674693197
"ENSG00000261123",6.6510495197054
"ENSG00000261126",7.60798079781351
"ENSG00000261135",5.73351167989737
"ENSG00000261136",7.77304004408401
"ENSG00000261139",5.37094160051266
"ENSG00000261147",4.14854917917621
"ENSG00000261159",4.88551477334242
"ENSG00000261167",9.458404441763
"ENSG00000261168",9.10274548956309
"ENSG00000261175",7.51778298884193
"ENSG00000261186",6.26402639659615
"ENSG00000261187",6.26402639659615
"ENSG00000261188",8.62967586891283
"ENSG00000261189",10.2430667779605
"ENSG00000261195",6.95590410123382
"ENSG00000261208",5.73351167989737
"ENSG00000261211",8.49432401601794
"ENSG00000261215",2.56358667845506
"ENSG00000261217",5.37094160051266
"ENSG00000261220",8.29150713301826
"ENSG00000261221",9.89450355656967
"ENSG00000261226",6.6510495197054
"ENSG00000261239",2.56358667845506
"ENSG00000261244",2.56358667845506
"ENSG00000261251",6.02301829709235
"ENSG00000261252",2.56358667845506
"ENSG00000261253",7.51778298884193
"ENSG00000261254",8.54086660195497
"ENSG00000261269",11.2535846498745
"ENSG00000261270",6.47047727406358
"ENSG00000261272",9.38376564087025
"ENSG00000261275",8.49432401601794
"ENSG00000261280",6.47047727406358
"ENSG00000261286",6.02301829709235
"ENSG00000261295",9.40907672939943
"ENSG00000261305",6.02301829709235
"ENSG00000261324",9.458404441763
"ENSG00000261326",9.25008720563828
"ENSG00000261332",4.88551477334242
"ENSG00000261335",6.02301829709235
"ENSG00000261338",7.42156767358263
"ENSG00000261340",7.08714863451207
"ENSG00000261342",6.6510495197054
"ENSG00000261351",7.31847418061853
"ENSG00000261353",7.42156767358263
"ENSG00000261355",9.72345801523345
"ENSG00000261359",4.88551477334242
"ENSG00000261360",5.73351167989737
"ENSG00000261366",7.77304004408401
"ENSG00000261372",7.84898889731731
"ENSG00000261377",9.66161876141559
"ENSG00000261386",4.88551477334242
"ENSG00000261390",2.56358667845506
"ENSG00000261405",6.47047727406358
"ENSG00000261407",6.95590410123382
"ENSG00000261408",4.88551477334242
"ENSG00000261418",4.14854917917621
"ENSG00000261420",4.88551477334242
"ENSG00000261423",7.98985143315716
"ENSG00000261424",7.84898889731731
"ENSG00000261425",6.26402639659615
"ENSG00000261428",8.71333379795974
"ENSG00000261434",11.7509387516556
"ENSG00000261438",5.73351167989737
"ENSG00000261441",4.14854917917621
"ENSG00000261451",4.14854917917621
"ENSG00000261452",8.49432401601794
"ENSG00000261455",9.52937096311715
"ENSG00000261457",6.02301829709235
"ENSG00000261461",8.17829652257027
"ENSG00000261465",2.56358667845506
"ENSG00000261468",8.49432401601794
"ENSG00000261472",4.14854917917621
"ENSG00000261474",7.77304004408401
"ENSG00000261485",7.08714863451207
"ENSG00000261488",10.214638369634
"ENSG00000261490",10.9255304521903
"ENSG00000261496",4.88551477334242
"ENSG00000261502",8.34494639197972
"ENSG00000261504",5.37094160051266
"ENSG00000261512",5.73351167989737
"ENSG00000261521",4.88551477334242
"ENSG00000261526",8.1181755301327
"ENSG00000261533",5.37094160051266
"ENSG00000261534",8.34494639197972
"ENSG00000261542",6.6510495197054
"ENSG00000261549",8.23601202042655
"ENSG00000261553",9.57481393387831
"ENSG00000261556",9.76325902329142
"ENSG00000261557",8.71333379795974
"ENSG00000261560",6.6510495197054
"ENSG00000261572",8.3964766926198
"ENSG00000261575",4.14854917917621
"ENSG00000261578",9.03932010942146
"ENSG00000261582",6.02301829709235
"ENSG00000261584",8.05543977478473
"ENSG00000261589",7.92113868307314
"ENSG00000261594",6.02301829709235
"ENSG00000261596",6.26402639659615
"ENSG00000261597",8.97297761459276
"ENSG00000261600",6.02301829709235
"ENSG00000261603",8.75341123733508
"ENSG00000261606",6.26402639659615
"ENSG00000261609",11.0352618928471
"ENSG00000261612",8.58595449148351
"ENSG00000261613",6.81151419189864
"ENSG00000261614",9.13344228678601
"ENSG00000261616",11.1597764345995
"ENSG00000261617",6.6510495197054
"ENSG00000261625",7.08714863451207
"ENSG00000261643",6.81151419189864
"ENSG00000261644",6.02301829709235
"ENSG00000261652",9.00653017430379
"ENSG00000261654",6.02301829709235
"ENSG00000261655",8.75341123733508
"ENSG00000261659",6.95590410123382
"ENSG00000261662",6.95590410123382
"ENSG00000261664",7.08714863451207
"ENSG00000261671",5.73351167989737
"ENSG00000261672",6.6510495197054
"ENSG00000261684",2.56358667845506
"ENSG00000261685",7.31847418061853
"ENSG00000261701",13.804974042454
"ENSG00000261705",7.60798079781351
"ENSG00000261713",9.22179816120685
"ENSG00000261716",9.64040227550589
"ENSG00000261728",2.56358667845506
"ENSG00000261732",6.81151419189864
"ENSG00000261737",7.84898889731731
"ENSG00000261739",8.05543977478473
"ENSG00000261754",8.34494639197972
"ENSG00000261766",5.73351167989737
"ENSG00000261770",6.02301829709235
"ENSG00000261773",4.14854917917621
"ENSG00000261777",7.51778298884193
"ENSG00000261783",5.37094160051266
"ENSG00000261787",9.94729097092911
"ENSG00000261788",13.1938538034818
"ENSG00000261794",6.6510495197054
"ENSG00000261799",11.0189138987596
"ENSG00000261801",9.3050536648562
"ENSG00000261819",6.26402639659615
"ENSG00000261824",10.9078825863709
"ENSG00000261827",6.6510495197054
"ENSG00000261839",5.37094160051266
"ENSG00000261840",6.02301829709235
"ENSG00000261879",9.03932010942146
"ENSG00000261884",6.95590410123382
"ENSG00000261888",8.54086660195497
"ENSG00000261889",5.37094160051266
"ENSG00000261916",5.37094160051266
"ENSG00000261925",6.26402639659615
"ENSG00000261934",8.83037321914996
"ENSG00000261959",4.14854917917621
"ENSG00000261971",9.78275519891722
"ENSG00000261997",6.81151419189864
"ENSG00000262001",6.81151419189864
"ENSG00000262026",6.02301829709235
"ENSG00000262049",8.3964766926198
"ENSG00000262050",8.05543977478473
"ENSG00000262061",10.5235886105231
"ENSG00000262089",6.95590410123382
"ENSG00000262097",8.17829652257027
"ENSG00000262115",6.26402639659615
"ENSG00000262136",5.73351167989737
"ENSG00000262155",8.1181755301327
"ENSG00000262160",5.73351167989737
"ENSG00000262165",4.14854917917621
"ENSG00000262179",5.37094160051266
"ENSG00000262180",7.98985143315716
"ENSG00000262185",6.26402639659615
"ENSG00000262194",6.26402639659615
"ENSG00000262209",9.91231483268614
"ENSG00000262222",6.26402639659615
"ENSG00000262223",5.73351167989737
"ENSG00000262227",6.02301829709235
"ENSG00000262246",8.71333379795974
"ENSG00000262251",7.31847418061853
"ENSG00000262333",6.81151419189864
"ENSG00000262370",8.90343668133968
"ENSG00000262402",5.73351167989737
"ENSG00000262410",10.1104811383427
"ENSG00000262420",4.88551477334242
"ENSG00000262454",9.03932010942146
"ENSG00000262468",7.92113868307314
"ENSG00000262484",4.88551477334242
"ENSG00000262528",6.02301829709235
"ENSG00000262533",6.26402639659615
"ENSG00000262576",9.96446611473724
"ENSG00000262580",9.35800254480516
"ENSG00000262583",2.56358667845506
"ENSG00000262587",7.51778298884193
"ENSG00000262601",6.47047727406358
"ENSG00000262621",8.05543977478473
"ENSG00000262663",6.47047727406358
"ENSG00000262686",5.37094160051266
"ENSG00000262691",7.51778298884193
"ENSG00000262700",2.56358667845506
"ENSG00000262712",5.37094160051266
"ENSG00000262728",4.88551477334242
"ENSG00000262758",10.8719257085945
"ENSG00000262766",8.3964766926198
"ENSG00000262772",5.73351167989737
"ENSG00000262814",8.3964766926198
"ENSG00000262823",4.14854917917621
"ENSG00000262837",4.88551477334242
"ENSG00000262873",4.14854917917621
"ENSG00000262877",7.92113868307314
"ENSG00000262879",10.3251379108995
"ENSG00000262888",2.56358667845506
"ENSG00000262902",11.5031658927698
"ENSG00000262903",8.67211113523323
"ENSG00000262944",12.4106440245464
"ENSG00000262951",4.88551477334242
"ENSG00000262979",4.88551477334242
"ENSG00000263002",11.2535846498745
"ENSG00000263004",9.33177100323199
"ENSG00000263006",8.34494639197972
"ENSG00000263013",8.58595449148351
"ENSG00000263033",4.14854917917621
"ENSG00000263053",6.81151419189864
"ENSG00000263063",2.56358667845506
"ENSG00000263069",7.31847418061853
"ENSG00000263072",9.03932010942146
"ENSG00000263096",4.14854917917621
"ENSG00000263105",5.73351167989737
"ENSG00000263120",6.02301829709235
"ENSG00000263126",6.26402639659615
"ENSG00000263155",7.42156767358263
"ENSG00000263207",6.26402639659615
"ENSG00000263214",7.31847418061853
"ENSG00000263232",8.34494639197972
"ENSG00000263235",5.73351167989737
"ENSG00000263244",13.7966071049296
"ENSG00000263257",5.73351167989737
"ENSG00000263272",4.88551477334242
"ENSG00000263276",7.08714863451207
"ENSG00000263280",2.56358667845506
"ENSG00000263320",7.31847418061853
"ENSG00000263327",9.35800254480516
"ENSG00000263335",8.4462297278169
"ENSG00000263345",6.26402639659615
"ENSG00000263350",5.73351167989737
"ENSG00000263370",5.73351167989737
"ENSG00000263391",5.37094160051266
"ENSG00000263400",6.47047727406358
"ENSG00000263412",6.47047727406358
"ENSG00000263422",2.56358667845506
"ENSG00000263432",7.92113868307314
"ENSG00000263443",7.77304004408401
"ENSG00000263470",6.47047727406358
"ENSG00000263535",6.26402639659615
"ENSG00000263563",10.0147977902874
"ENSG00000263586",6.02301829709235
"ENSG00000263597",8.4462297278169
"ENSG00000263627",4.14854917917621
"ENSG00000263660",2.56358667845506
"ENSG00000263698",6.02301829709235
"ENSG00000263707",4.88551477334242
"ENSG00000263731",7.69286969540002
"ENSG00000263753",13.6045612772724
"ENSG00000263766",6.95590410123382
"ENSG00000263781",8.93862610980198
"ENSG00000263809",7.51778298884193
"ENSG00000263812",4.88551477334242
"ENSG00000263818",4.88551477334242
"ENSG00000263823",5.73351167989737
"ENSG00000263826",6.02301829709235
"ENSG00000263843",6.81151419189864
"ENSG00000263874",8.54086660195497
"ENSG00000263884",4.14854917917621
"ENSG00000263916",5.37094160051266
"ENSG00000263934",7.08714863451207
"ENSG00000263975",4.88551477334242
"ENSG00000264007",6.02301829709235
"ENSG00000264043",4.88551477334242
"ENSG00000264067",5.73351167989737
"ENSG00000264083",4.88551477334242
"ENSG00000264098",6.6510495197054
"ENSG00000264107",6.95590410123382
"ENSG00000264109",6.81151419189864
"ENSG00000264112",11.7005777905353
"ENSG00000264148",6.6510495197054
"ENSG00000264176",7.42156767358263
"ENSG00000264198",7.42156767358263
"ENSG00000264201",8.1181755301327
"ENSG00000264235",9.85820742734668
"ENSG00000264247",10.9856514446279
"ENSG00000264278",5.73351167989737
"ENSG00000264279",5.37094160051266
"ENSG00000264281",9.00653017430379
"ENSG00000264290",5.73351167989737
"ENSG00000264311",6.47047727406358
"ENSG00000264324",4.14854917917621
"ENSG00000264345",4.14854917917621
"ENSG00000264350",8.3964766926198
"ENSG00000264364",15.5878606409951
"ENSG00000264384",6.02301829709235
"ENSG00000264433",6.81151419189864
"ENSG00000264448",4.14854917917621
"ENSG00000264456",7.92113868307314
"ENSG00000264469",8.67211113523323
"ENSG00000264490",8.1181755301327
"ENSG00000264538",9.87646963373941
"ENSG00000264548",6.02301829709235
"ENSG00000264569",7.84898889731731
"ENSG00000264575",8.4462297278169
"ENSG00000264577",7.77304004408401
"ENSG00000264608",4.14854917917621
"ENSG00000264672",6.26402639659615
"ENSG00000264705",2.56358667845506
"ENSG00000264727",6.47047727406358
"ENSG00000264743",4.14854917917621
"ENSG00000264868",12.1162557759693
"ENSG00000264885",7.84898889731731
"ENSG00000264919",9.19294329853467
"ENSG00000264920",12.6786303286168
"ENSG00000264968",6.95590410123382
"ENSG00000265055",5.73351167989737
"ENSG00000265096",9.13344228678601
"ENSG00000265142",14.5793501658249
"ENSG00000265148",7.20744286822978
"ENSG00000265150",13.0054933829973
"ENSG00000265158",6.81151419189864
"ENSG00000265206",6.26402639659615
"ENSG00000265218",6.47047727406358
"ENSG00000265242",5.37094160051266
"ENSG00000265252",2.56358667845506
"ENSG00000265254",4.14854917917621
"ENSG00000265263",5.73351167989737
"ENSG00000265280",4.14854917917621
"ENSG00000265356",7.98985143315716
"ENSG00000265393",4.14854917917621
"ENSG00000265399",6.95590410123382
"ENSG00000265401",8.97297761459276
"ENSG00000265413",8.17829652257027
"ENSG00000265417",6.02301829709235
"ENSG00000265437",5.37094160051266
"ENSG00000265451",4.88551477334242
"ENSG00000265452",5.73351167989737
"ENSG00000265458",6.26402639659615
"ENSG00000265485",5.73351167989737
"ENSG00000265539",6.47047727406358
"ENSG00000265542",8.3964766926198
"ENSG00000265600",4.14854917917621
"ENSG00000265625",6.81151419189864
"ENSG00000265646",4.14854917917621
"ENSG00000265666",8.79240536895094
"ENSG00000265681",10.4277728231093
"ENSG00000265683",6.6510495197054
"ENSG00000265688",7.42156767358263
"ENSG00000265750",7.51778298884193
"ENSG00000265768",4.14854917917621
"ENSG00000265778",6.02301829709235
"ENSG00000265806",5.73351167989737
"ENSG00000265817",6.02301829709235
"ENSG00000265888",6.6510495197054
"ENSG00000265917",6.81151419189864
"ENSG00000265967",5.37094160051266
"ENSG00000265996",7.20744286822978
"ENSG00000266002",2.56358667845506
"ENSG00000266010",12.3821688559359
"ENSG00000266017",6.26402639659615
"ENSG00000266040",6.47047727406358
"ENSG00000266045",5.73351167989737
"ENSG00000266053",7.92113868307314
"ENSG00000266066",7.51778298884193
"ENSG00000266173",9.74349576846999
"ENSG00000266208",7.31847418061853
"ENSG00000266236",6.26402639659615
"ENSG00000266239",5.73351167989737
"ENSG00000266258",6.02301829709235
"ENSG00000266274",6.02301829709235
"ENSG00000266282",8.29150713301826
"ENSG00000266283",5.37094160051266
"ENSG00000266289",4.14854917917621
"ENSG00000266304",9.40907672939943
"ENSG00000266313",4.88551477334242
"ENSG00000266368",4.14854917917621
"ENSG00000266385",2.56358667845506
"ENSG00000266402",7.31847418061853
"ENSG00000266405",6.95590410123382
"ENSG00000266413",2.56358667845506
"ENSG00000266469",6.95590410123382
"ENSG00000266490",7.51778298884193
"ENSG00000266501",5.37094160051266
"ENSG00000266563",8.79240536895094
"ENSG00000266588",2.56358667845506
"ENSG00000266648",6.26402639659615
"ENSG00000266677",6.02301829709235
"ENSG00000266680",5.73351167989737
"ENSG00000266709",4.88551477334242
"ENSG00000266714",13.4606758067678
"ENSG00000266718",4.14854917917621
"ENSG00000266733",4.88551477334242
"ENSG00000266743",2.56358667845506
"ENSG00000266753",9.98143919334096
"ENSG00000266767",5.37094160051266
"ENSG00000266777",6.02301829709235
"ENSG00000266783",6.26402639659615
"ENSG00000266832",4.88551477334242
"ENSG00000266835",4.14854917917621
"ENSG00000266865",8.3964766926198
"ENSG00000266896",7.20744286822978
"ENSG00000266899",4.14854917917621
"ENSG00000266903",6.26402639659615
"ENSG00000266904",9.43395139803846
"ENSG00000266907",6.02301829709235
"ENSG00000266910",6.6510495197054
"ENSG00000266912",7.42156767358263
"ENSG00000266916",9.38376564087025
"ENSG00000266921",7.92113868307314
"ENSG00000266926",6.47047727406358
"ENSG00000266930",7.31847418061853
"ENSG00000266934",6.47047727406358
"ENSG00000266935",5.73351167989737
"ENSG00000266947",7.77304004408401
"ENSG00000266957",6.47047727406358
"ENSG00000266962",10.0792865167391
"ENSG00000266964",9.13344228678601
"ENSG00000266967",9.27783219612118
"ENSG00000266993",8.3964766926198
"ENSG00000266998",5.37094160051266
"ENSG00000267002",9.87646963373941
"ENSG00000267009",4.88551477334242
"ENSG00000267010",8.62967586891283
"ENSG00000267013",6.6510495197054
"ENSG00000267018",6.02301829709235
"ENSG00000267034",7.60798079781351
"ENSG00000267040",8.23601202042655
"ENSG00000267041",8.86736742663216
"ENSG00000267042",4.14854917917621
"ENSG00000267052",5.37094160051266
"ENSG00000267053",4.88551477334242
"ENSG00000267058",9.22179816120685
"ENSG00000267060",12.120092733127
"ENSG00000267062",5.37094160051266
"ENSG00000267064",6.6510495197054
"ENSG00000267067",4.88551477334242
"ENSG00000267069",5.37094160051266
"ENSG00000267077",5.73351167989737
"ENSG00000267080",9.38376564087025
"ENSG00000267082",8.75341123733508
"ENSG00000267096",5.37094160051266
"ENSG00000267100",12.172765416597
"ENSG00000267102",7.60798079781351
"ENSG00000267106",9.94729097092911
"ENSG00000267107",11.7509387516556
"ENSG00000267108",4.14854917917621
"ENSG00000267114",6.95590410123382
"ENSG00000267119",7.69286969540002
"ENSG00000267121",9.10274548956309
"ENSG00000267127",7.08714863451207
"ENSG00000267131",4.14854917917621
"ENSG00000267152",9.07138131865375
"ENSG00000267160",7.42156767358263
"ENSG00000267161",7.92113868307314
"ENSG00000267167",2.56358667845506
"ENSG00000267169",8.29150713301826
"ENSG00000267174",4.14854917917621
"ENSG00000267183",5.73351167989737
"ENSG00000267185",6.47047727406358
"ENSG00000267191",7.20744286822978
"ENSG00000267194",7.84898889731731
"ENSG00000267197",6.95590410123382
"ENSG00000267198",6.6510495197054
"ENSG00000267199",7.77304004408401
"ENSG00000267206",10.6134352279056
"ENSG00000267207",5.73351167989737
"ENSG00000267213",5.37094160051266
"ENSG00000267216",6.95590410123382
"ENSG00000267219",6.02301829709235
"ENSG00000267221",6.81151419189864
"ENSG00000267224",2.56358667845506
"ENSG00000267226",5.73351167989737
"ENSG00000267230",5.37094160051266
"ENSG00000267242",6.47047727406358
"ENSG00000267248",8.4462297278169
"ENSG00000267249",6.02301829709235
"ENSG00000267254",7.20744286822978
"ENSG00000267260",4.14854917917621
"ENSG00000267264",6.02301829709235
"ENSG00000267265",5.73351167989737
"ENSG00000267270",6.47047727406358
"ENSG00000267272",7.77304004408401
"ENSG00000267274",4.88551477334242
"ENSG00000267277",5.73351167989737
"ENSG00000267278",6.81151419189864
"ENSG00000267279",9.61886911395625
"ENSG00000267280",8.23601202042655
"ENSG00000267281",6.02301829709235
"ENSG00000267283",6.26402639659615
"ENSG00000267287",4.14854917917621
"ENSG00000267288",2.56358667845506
"ENSG00000267296",4.14854917917621
"ENSG00000267309",5.73351167989737
"ENSG00000267313",6.81151419189864
"ENSG00000267316",4.88551477334242
"ENSG00000267317",8.90343668133968
"ENSG00000267319",7.60798079781351
"ENSG00000267321",10.2709458105359
"ENSG00000267322",5.73351167989737
"ENSG00000267325",8.67211113523323
"ENSG00000267326",6.26402639659615
"ENSG00000267328",6.95590410123382
"ENSG00000267336",7.42156767358263
"ENSG00000267339",6.47047727406358
"ENSG00000267340",6.6510495197054
"ENSG00000267348",4.14854917917621
"ENSG00000267350",10.1104811383427
"ENSG00000267364",8.23601202042655
"ENSG00000267365",10.2570736359544
"ENSG00000267370",7.69286969540002
"ENSG00000267381",8.34494639197972
"ENSG00000267383",6.26402639659615
"ENSG00000267385",10.5579401153139
"ENSG00000267390",7.77304004408401
"ENSG00000267395",7.51778298884193
"ENSG00000267397",5.37094160051266
"ENSG00000267405",8.49432401601794
"ENSG00000267414",6.81151419189864
"ENSG00000267416",4.14854917917621
"ENSG00000267419",6.47047727406358
"ENSG00000267421",7.31847418061853
"ENSG00000267422",7.84898889731731
"ENSG00000267427",11.8512990580045
"ENSG00000267436",4.88551477334242
"ENSG00000267454",8.3964766926198
"ENSG00000267459",4.88551477334242
"ENSG00000267469",6.02301829709235
"ENSG00000267470",8.86736742663216
"ENSG00000267473",6.6510495197054
"ENSG00000267474",5.37094160051266
"ENSG00000267475",7.98985143315716
"ENSG00000267481",8.23601202042655
"ENSG00000267493",4.14854917917621
"ENSG00000267498",6.95590410123382
"ENSG00000267506",6.6510495197054
"ENSG00000267507",5.73351167989737
"ENSG00000267508",10.2289225956402
"ENSG00000267519",12.2092451108638
"ENSG00000267528",5.73351167989737
"ENSG00000267530",6.95590410123382
"ENSG00000267532",8.58595449148351
"ENSG00000267533",6.02301829709235
"ENSG00000267534",8.49432401601794
"ENSG00000267541",11.9012085804476
"ENSG00000267543",7.42156767358263
"ENSG00000267544",6.6510495197054
"ENSG00000267546",5.37094160051266
"ENSG00000267547",7.60798079781351
"ENSG00000267549",5.73351167989737
"ENSG00000267554",2.56358667845506
"ENSG00000267557",5.37094160051266
"ENSG00000267571",4.88551477334242
"ENSG00000267575",9.10274548956309
"ENSG00000267577",10.1258291026761
"ENSG00000267583",2.56358667845506
"ENSG00000267586",4.14854917917621
"ENSG00000267595",7.31847418061853
"ENSG00000267605",7.42156767358263
"ENSG00000267632",7.98985143315716
"ENSG00000267640",9.10274548956309
"ENSG00000267653",10.0949681389714
"ENSG00000267655",7.31847418061853
"ENSG00000267667",4.88551477334242
"ENSG00000267672",4.88551477334242
"ENSG00000267680",11.8327133576045
"ENSG00000267682",6.95590410123382
"ENSG00000267683",4.88551477334242
"ENSG00000267690",4.14854917917621
"ENSG00000267698",4.88551477334242
"ENSG00000267702",6.02301829709235
"ENSG00000267707",4.14854917917621
"ENSG00000267710",4.88551477334242
"ENSG00000267711",4.88551477334242
"ENSG00000267730",5.73351167989737
"ENSG00000267731",6.6510495197054
"ENSG00000267741",4.88551477334242
"ENSG00000267744",6.02301829709235
"ENSG00000267745",6.95590410123382
"ENSG00000267751",6.02301829709235
"ENSG00000267757",2.56358667845506
"ENSG00000267759",6.26402639659615
"ENSG00000267764",8.05543977478473
"ENSG00000267767",7.08714863451207
"ENSG00000267769",5.37094160051266
"ENSG00000267776",4.14854917917621
"ENSG00000267783",2.56358667845506
"ENSG00000267784",4.88551477334242
"ENSG00000267796",9.25008720563828
"ENSG00000267799",8.3964766926198
"ENSG00000267801",4.88551477334242
"ENSG00000267809",11.3482215240126
"ENSG00000267811",5.37094160051266
"ENSG00000267834",5.37094160051266
"ENSG00000267838",6.02301829709235
"ENSG00000267855",6.95590410123382
"ENSG00000267858",7.69286969540002
"ENSG00000267865",5.37094160051266
"ENSG00000267868",4.88551477334242
"ENSG00000267871",7.42156767358263
"ENSG00000267892",6.02301829709235
"ENSG00000267896",8.23601202042655
"ENSG00000267904",8.67211113523323
"ENSG00000267919",8.23601202042655
"ENSG00000267934",6.26402639659615
"ENSG00000267939",6.6510495197054
"ENSG00000267940",6.47047727406358
"ENSG00000267957",9.03932010942146
"ENSG00000267980",6.47047727406358
"ENSG00000267984",6.26402639659615
"ENSG00000268001",9.68252775117857
"ENSG00000268006",6.95590410123382
"ENSG00000268027",5.73351167989737
"ENSG00000268032",9.00653017430379
"ENSG00000268034",6.02301829709235
"ENSG00000268047",4.14854917917621
"ENSG00000268049",4.88551477334242
"ENSG00000268059",6.26402639659615
"ENSG00000268061",9.00653017430379
"ENSG00000268069",6.81151419189864
"ENSG00000268119",5.37094160051266
"ENSG00000268129",8.71333379795974
"ENSG00000268163",4.14854917917621
"ENSG00000268164",7.69286969540002
"ENSG00000268166",6.02301829709235
"ENSG00000268175",8.4462297278169
"ENSG00000268182",7.20744286822978
"ENSG00000268201",6.47047727406358
"ENSG00000268205",11.9623303703932
"ENSG00000268211",5.73351167989737
"ENSG00000268220",5.73351167989737
"ENSG00000268225",8.17829652257027
"ENSG00000268230",2.56358667845506
"ENSG00000268278",4.14854917917621
"ENSG00000268279",8.17829652257027
"ENSG00000268288",4.14854917917621
"ENSG00000268297",6.81151419189864
"ENSG00000268340",4.14854917917621
"ENSG00000268357",4.88551477334242
"ENSG00000268358",5.73351167989737
"ENSG00000268362",9.66161876141559
"ENSG00000268364",7.84898889731731
"ENSG00000268379",5.37094160051266
"ENSG00000268397",9.00653017430379
"ENSG00000268403",7.08714863451207
"ENSG00000268412",6.26402639659615
"ENSG00000268423",4.14854917917621
"ENSG00000268433",6.6510495197054
"ENSG00000268471",9.74349576846999
"ENSG00000268485",6.6510495197054
"ENSG00000268516",9.64040227550589
"ENSG00000268518",11.8832587994021
"ENSG00000268520",7.69286969540002
"ENSG00000268521",7.77304004408401
"ENSG00000268533",4.88551477334242
"ENSG00000268543",6.26402639659615
"ENSG00000268555",7.60798079781351
"ENSG00000268565",4.14854917917621
"ENSG00000268568",6.26402639659615
"ENSG00000268573",8.54086660195497
"ENSG00000268575",8.67211113523323
"ENSG00000268583",6.02301829709235
"ENSG00000268584",6.6510495197054
"ENSG00000268593",6.95590410123382
"ENSG00000268601",2.56358667845506
"ENSG00000268613",6.95590410123382
"ENSG00000268650",6.02301829709235
"ENSG00000268658",4.14854917917621
"ENSG00000268670",4.88551477334242
"ENSG00000268688",7.51778298884193
"ENSG00000268707",2.56358667845506
"ENSG00000268713",8.54086660195497
"ENSG00000268731",6.6510495197054
"ENSG00000268734",6.47047727406358
"ENSG00000268743",5.73351167989737
"ENSG00000268744",4.14854917917621
"ENSG00000268745",4.14854917917621
"ENSG00000268746",5.37094160051266
"ENSG00000268751",6.02301829709235
"ENSG00000268758",8.17829652257027
"ENSG00000268785",6.6510495197054
"ENSG00000268798",6.02301829709235
"ENSG00000268802",6.6510495197054
"ENSG00000268816",5.73351167989737
"ENSG00000268836",2.56358667845506
"ENSG00000268856",4.14854917917621
"ENSG00000268858",4.88551477334242
"ENSG00000268895",8.29150713301826
"ENSG00000268896",4.14854917917621
"ENSG00000268912",9.19294329853467
"ENSG00000268913",8.3964766926198
"ENSG00000268927",4.88551477334242
"ENSG00000268948",5.73351167989737
"ENSG00000268995",6.47047727406358
"ENSG00000269001",7.77304004408401
"ENSG00000269019",6.47047727406358
"ENSG00000269028",14.0008185794945
"ENSG00000269038",5.73351167989737
"ENSG00000269044",9.59700967999251
"ENSG00000269051",7.84898889731731
"ENSG00000269054",6.47047727406358
"ENSG00000269067",9.59700967999251
"ENSG00000269069",7.98985143315716
"ENSG00000269086",5.37094160051266
"ENSG00000269089",5.73351167989737
"ENSG00000269106",4.88551477334242
"ENSG00000269113",9.19294329853467
"ENSG00000269155",4.88551477334242
"ENSG00000269176",8.4462297278169
"ENSG00000269190",9.33177100323199
"ENSG00000269194",6.47047727406358
"ENSG00000269202",6.47047727406358
"ENSG00000269210",2.56358667845506
"ENSG00000269220",5.37094160051266
"ENSG00000269235",6.47047727406358
"ENSG00000269282",4.14854917917621
"ENSG00000269290",7.42156767358263
"ENSG00000269292",4.88551477334242
"ENSG00000269293",11.8327133576045
"ENSG00000269302",6.81151419189864
"ENSG00000269318",4.14854917917621
"ENSG00000269337",7.42156767358263
"ENSG00000269343",10.7082449212869
"ENSG00000269345",5.37094160051266
"ENSG00000269352",9.64040227550589
"ENSG00000269374",9.64040227550589
"ENSG00000269376",5.73351167989737
"ENSG00000269378",8.97297761459276
"ENSG00000269386",9.00653017430379
"ENSG00000269397",2.56358667845506
"ENSG00000269399",4.88551477334242
"ENSG00000269416",4.88551477334242
"ENSG00000269423",5.37094160051266
"ENSG00000269430",7.84898889731731
"ENSG00000269439",5.73351167989737
"ENSG00000269463",6.02301829709235
"ENSG00000269473",6.47047727406358
"ENSG00000269486",6.26402639659615
"ENSG00000269489",2.56358667845506
"ENSG00000269501",4.14854917917621
"ENSG00000269514",8.05543977478473
"ENSG00000269549",4.14854917917621
"ENSG00000269554",6.6510495197054
"ENSG00000269574",4.88551477334242
"ENSG00000269604",6.47047727406358
"ENSG00000269609",8.79240536895094
"ENSG00000269614",4.88551477334242
"ENSG00000269637",6.02301829709235
"ENSG00000269640",8.29150713301826
"ENSG00000269657",10.2289225956402
"ENSG00000269688",7.77304004408401
"ENSG00000269693",4.88551477334242
"ENSG00000269696",7.84898889731731
"ENSG00000269728",12.5279275462475
"ENSG00000269772",6.81151419189864
"ENSG00000269793",6.02301829709235
"ENSG00000269800",7.31847418061853
"ENSG00000269815",6.02301829709235
"ENSG00000269821",10.5803949661416
"ENSG00000269825",9.3050536648562
"ENSG00000269834",10.0634325655383
"ENSG00000269837",10.0634325655383
"ENSG00000269858",11.0832229312983
"ENSG00000269871",4.88551477334242
"ENSG00000269886",5.37094160051266
"ENSG00000269887",7.98985143315716
"ENSG00000269889",7.08714863451207
"ENSG00000269890",6.26402639659615
"ENSG00000269892",5.73351167989737
"ENSG00000269893",11.9277213334631
"ENSG00000269894",6.02301829709235
"ENSG00000269896",7.08714863451207
"ENSG00000269899",7.42156767358263
"ENSG00000269903",5.73351167989737
"ENSG00000269904",7.31847418061853
"ENSG00000269906",7.42156767358263
"ENSG00000269913",4.14854917917621
"ENSG00000269918",9.03932010942146
"ENSG00000269921",7.60798079781351
"ENSG00000269923",2.56358667845506
"ENSG00000269924",4.14854917917621
"ENSG00000269925",6.95590410123382
"ENSG00000269928",8.4462297278169
"ENSG00000269929",10.6563438193749
"ENSG00000269930",6.81151419189864
"ENSG00000269936",13.462188065859
"ENSG00000269938",6.95590410123382
"ENSG00000269939",8.93862610980198
"ENSG00000269940",9.78275519891722
"ENSG00000269942",5.37094160051266
"ENSG00000269946",5.73351167989737
"ENSG00000269947",2.56358667845506
"ENSG00000269949",2.56358667845506
"ENSG00000269951",7.08714863451207
"ENSG00000269952",10.2982962986809
"ENSG00000269958",10.1709169922047
"ENSG00000269959",2.56358667845506
"ENSG00000269961",4.88551477334242
"ENSG00000269963",6.6510495197054
"ENSG00000269964",7.84898889731731
"ENSG00000269965",6.95590410123382
"ENSG00000269968",10.4883991820608
"ENSG00000269973",7.98985143315716
"ENSG00000269974",4.14854917917621
"ENSG00000269976",4.88551477334242
"ENSG00000269978",4.14854917917621
"ENSG00000269979",7.08714863451207
"ENSG00000269982",7.08714863451207
"ENSG00000269983",6.02301829709235
"ENSG00000269984",6.02301829709235
"ENSG00000269986",7.69286969540002
"ENSG00000269988",6.95590410123382
"ENSG00000269990",8.83037321914996
"ENSG00000269996",10.6668744868671
"ENSG00000269997",6.02301829709235
"ENSG00000270000",4.14854917917621
"ENSG00000270001",5.73351167989737
"ENSG00000270005",6.47047727406358
"ENSG00000270009",2.56358667845506
"ENSG00000270010",4.88551477334242
"ENSG00000270012",9.3050536648562
"ENSG00000270015",9.82097452114771
"ENSG00000270016",4.14854917917621
"ENSG00000270018",7.20744286822978
"ENSG00000270020",5.73351167989737
"ENSG00000270021",7.92113868307314
"ENSG00000270028",6.6510495197054
"ENSG00000270030",4.88551477334242
"ENSG00000270031",6.02301829709235
"ENSG00000270035",5.37094160051266
"ENSG00000270039",9.13344228678601
"ENSG00000270040",5.73351167989737
"ENSG00000270041",6.81151419189864
"ENSG00000270048",5.73351167989737
"ENSG00000270049",7.42156767358263
"ENSG00000270052",2.56358667845506
"ENSG00000270055",9.59700967999251
"ENSG00000270059",7.08714863451207
"ENSG00000270060",8.23601202042655
"ENSG00000270061",6.6510495197054
"ENSG00000270062",6.6510495197054
"ENSG00000270067",7.42156767358263
"ENSG00000270069",9.74349576846999
"ENSG00000270074",6.95590410123382
"ENSG00000270076",4.14854917917621
"ENSG00000270077",4.88551477334242
"ENSG00000270081",9.96446611473724
"ENSG00000270083",6.95590410123382
"ENSG00000270084",7.69286969540002
"ENSG00000270087",5.37094160051266
"ENSG00000270091",7.60798079781351
"ENSG00000270093",7.84898889731731
"ENSG00000270096",7.08714863451207
"ENSG00000270100",4.14854917917621
"ENSG00000270101",8.83037321914996
"ENSG00000270102",5.37094160051266
"ENSG00000270103",5.37094160051266
"ENSG00000270107",5.37094160051266
"ENSG00000270108",8.58595449148351
"ENSG00000270109",6.02301829709235
"ENSG00000270112",9.19294329853467
"ENSG00000270115",6.02301829709235
"ENSG00000270127",8.17829652257027
"ENSG00000270130",6.95590410123382
"ENSG00000270135",4.14854917917621
"ENSG00000270143",6.6510495197054
"ENSG00000270147",6.6510495197054
"ENSG00000270157",9.5061011837943
"ENSG00000270160",6.02301829709235
"ENSG00000270164",7.42156767358263
"ENSG00000270165",4.88551477334242
"ENSG00000270170",11.288100531575
"ENSG00000270172",6.47047727406358
"ENSG00000270173",2.56358667845506
"ENSG00000270175",6.81151419189864
"ENSG00000270177",7.51778298884193
"ENSG00000270178",2.56358667845506
"ENSG00000270179",6.02301829709235
"ENSG00000270189",10.0311922285381
"ENSG00000270195",4.14854917917621
"ENSG00000270210",7.20744286822978
"ENSG00000270223",5.37094160051266
"ENSG00000270225",8.93862610980198
"ENSG00000270237",6.26402639659615
"ENSG00000270246",7.92113868307314
"ENSG00000270264",4.88551477334242
"ENSG00000270277",8.3964766926198
"ENSG00000270307",5.73351167989737
"ENSG00000270332",9.35800254480516
"ENSG00000270344",6.6510495197054
"ENSG00000270346",8.67211113523323
"ENSG00000270362",9.64040227550589
"ENSG00000270409",2.56358667845506
"ENSG00000270412",6.81151419189864
"ENSG00000270419",7.69286969540002
"ENSG00000270426",4.88551477334242
"ENSG00000270441",7.42156767358263
"ENSG00000270457",5.37094160051266
"ENSG00000270462",2.56358667845506
"ENSG00000270482",2.56358667845506
"ENSG00000270504",8.34494639197972
"ENSG00000270523",4.88551477334242
"ENSG00000270532",9.07138131865375
"ENSG00000270547",7.20744286822978
"ENSG00000270557",4.14854917917621
"ENSG00000270558",4.88551477334242
"ENSG00000270562",5.37094160051266
"ENSG00000270571",7.08714863451207
"ENSG00000270574",7.20744286822978
"ENSG00000270576",4.88551477334242
"ENSG00000270580",7.20744286822978
"ENSG00000270589",2.56358667845506
"ENSG00000270599",6.02301829709235
"ENSG00000270604",4.88551477334242
"ENSG00000270605",8.97297761459276
"ENSG00000270607",7.60798079781351
"ENSG00000270638",6.26402639659615
"ENSG00000270640",7.20744286822978
"ENSG00000270659",7.31847418061853
"ENSG00000270672",8.34494639197972
"ENSG00000270673",6.47047727406358
"ENSG00000270681",6.81151419189864
"ENSG00000270696",10.1410155064908
"ENSG00000270704",8.67211113523323
"ENSG00000270706",5.73351167989737
"ENSG00000270714",8.62967586891283
"ENSG00000270720",2.56358667845506
"ENSG00000270750",6.6510495197054
"ENSG00000270755",4.88551477334242
"ENSG00000270761",4.14854917917621
"ENSG00000270788",6.47047727406358
"ENSG00000270792",4.88551477334242
"ENSG00000270804",7.84898889731731
"ENSG00000270810",6.6510495197054
"ENSG00000270813",2.56358667845506
"ENSG00000270820",8.67211113523323
"ENSG00000270876",7.08714863451207
"ENSG00000270906",9.10274548956309
"ENSG00000270917",4.14854917917621
"ENSG00000270933",5.73351167989737
"ENSG00000270945",6.02301829709235
"ENSG00000270949",9.22179816120685
"ENSG00000270951",2.56358667845506
"ENSG00000270953",4.88551477334242
"ENSG00000270956",6.6510495197054
"ENSG00000270959",10.214638369634
"ENSG00000270964",7.51778298884193
"ENSG00000270972",6.81151419189864
"ENSG00000270996",6.6510495197054
"ENSG00000271009",7.69286969540002
"ENSG00000271011",5.73351167989737
"ENSG00000271020",8.29150713301826
"ENSG00000271029",8.05543977478473
"ENSG00000271040",4.14854917917621
"ENSG00000271043",12.5365664645213
"ENSG00000271086",4.88551477334242
"ENSG00000271092",5.73351167989737
"ENSG00000271109",7.69286969540002
"ENSG00000271122",11.3084205159546
"ENSG00000271133",4.14854917917621
"ENSG00000271141",6.95590410123382
"ENSG00000271147",9.83971108372929
"ENSG00000271151",6.02301829709235
"ENSG00000271153",5.37094160051266
"ENSG00000271155",5.37094160051266
"ENSG00000271180",5.73351167989737
"ENSG00000271198",7.51778298884193
"ENSG00000271200",5.73351167989737
"ENSG00000271207",9.87646963373941
"ENSG00000271228",4.14854917917621
"ENSG00000271259",2.56358667845506
"ENSG00000271265",4.88551477334242
"ENSG00000271266",7.84898889731731
"ENSG00000271270",8.05543977478473
"ENSG00000271318",6.81151419189864
"ENSG00000271320",4.14854917917621
"ENSG00000271324",7.42156767358263
"ENSG00000271327",7.77304004408401
"ENSG00000271334",4.14854917917621
"ENSG00000271335",7.84898889731731
"ENSG00000271344",7.20744286822978
"ENSG00000271347",8.49432401601794
"ENSG00000271359",6.26402639659615
"ENSG00000271361",7.20744286822978
"ENSG00000271367",5.37094160051266
"ENSG00000271380",6.47047727406358
"ENSG00000271382",2.56358667845506
"ENSG00000271384",5.37094160051266
"ENSG00000271387",5.37094160051266
"ENSG00000271401",4.88551477334242
"ENSG00000271417",5.73351167989737
"ENSG00000271420",4.14854917917621
"ENSG00000271427",6.02301829709235
"ENSG00000271430",11.6430714622819
"ENSG00000271452",7.31847418061853
"ENSG00000271474",7.42156767358263
"ENSG00000271533",12.1504264664169
"ENSG00000271538",4.88551477334242
"ENSG00000271551",5.73351167989737
"ENSG00000271553",8.49432401601794
"ENSG00000271555",6.26402639659615
"ENSG00000271576",8.29150713301826
"ENSG00000271579",7.31847418061853
"ENSG00000271605",7.31847418061853
"ENSG00000271614",8.83037321914996
"ENSG00000271631",4.14854917917621
"ENSG00000271643",8.97297761459276
"ENSG00000271646",9.66161876141559
"ENSG00000271659",2.56358667845506
"ENSG00000271707",6.47047727406358
"ENSG00000271711",6.6510495197054
"ENSG00000271714",4.88551477334242
"ENSG00000271721",9.55227136522722
"ENSG00000271723",6.6510495197054
"ENSG00000271730",2.56358667845506
"ENSG00000271734",4.88551477334242
"ENSG00000271737",2.56358667845506
"ENSG00000271738",11.1746114757624
"ENSG00000271743",2.56358667845506
"ENSG00000271751",4.14854917917621
"ENSG00000271754",6.02301829709235
"ENSG00000271755",6.02301829709235
"ENSG00000271757",2.56358667845506
"ENSG00000271761",4.14854917917621
"ENSG00000271769",4.88551477334242
"ENSG00000271778",4.14854917917621
"ENSG00000271780",7.92113868307314
"ENSG00000271782",5.73351167989737
"ENSG00000271784",2.56358667845506
"ENSG00000271788",4.14854917917621
"ENSG00000271789",5.73351167989737
"ENSG00000271795",6.26402639659615
"ENSG00000271797",4.88551477334242
"ENSG00000271811",7.08714863451207
"ENSG00000271816",6.81151419189864
"ENSG00000271819",2.56358667845506
"ENSG00000271826",7.60798079781351
"ENSG00000271828",6.02301829709235
"ENSG00000271833",8.62967586891283
"ENSG00000271835",7.60798079781351
"ENSG00000271840",5.37094160051266
"ENSG00000271843",6.47047727406358
"ENSG00000271848",7.98985143315716
"ENSG00000271849",5.37094160051266
"ENSG00000271851",8.58595449148351
"ENSG00000271855",4.88551477334242
"ENSG00000271857",2.56358667845506
"ENSG00000271858",2.56358667845506
"ENSG00000271862",7.08714863451207
"ENSG00000271869",6.26402639659615
"ENSG00000271870",8.29150713301826
"ENSG00000271871",5.73351167989737
"ENSG00000271880",6.47047727406358
"ENSG00000271882",5.73351167989737
"ENSG00000271888",5.37094160051266
"ENSG00000271895",9.64040227550589
"ENSG00000271912",6.95590410123382
"ENSG00000271913",8.62967586891283
"ENSG00000271914",4.88551477334242
"ENSG00000271918",8.71333379795974
"ENSG00000271926",4.14854917917621
"ENSG00000271927",7.77304004408401
"ENSG00000271936",4.14854917917621
"ENSG00000271941",4.88551477334242
"ENSG00000271943",4.88551477334242
"ENSG00000271947",4.14854917917621
"ENSG00000271948",6.6510495197054
"ENSG00000271952",10.390135165746
"ENSG00000271959",10.2430667779605
"ENSG00000271964",6.95590410123382
"ENSG00000271966",4.14854917917621
"ENSG00000271967",5.37094160051266
"ENSG00000271970",5.73351167989737
"ENSG00000271971",8.17829652257027
"ENSG00000271975",12.0086015243235
"ENSG00000271976",9.89450355656967
"ENSG00000271978",5.37094160051266
"ENSG00000271980",4.14854917917621
"ENSG00000271984",9.27783219612118
"ENSG00000271992",4.14854917917621
"ENSG00000271993",4.88551477334242
"ENSG00000271997",8.83037321914996
"ENSG00000272002",2.56358667845506
"ENSG00000272003",8.49432401601794
"ENSG00000272004",6.02301829709235
"ENSG00000272005",10.0147977902874
"ENSG00000272008",6.02301829709235
"ENSG00000272009",6.6510495197054
"ENSG00000272010",6.81151419189864
"ENSG00000272016",10.5119539100397
"ENSG00000272017",4.14854917917621
"ENSG00000272024",6.02301829709235
"ENSG00000272030",8.29150713301826
"ENSG00000272034",8.05543977478473
"ENSG00000272037",4.88551477334242
"ENSG00000272040",6.26402639659615
"ENSG00000272047",12.3134561058519
"ENSG00000272048",5.37094160051266
"ENSG00000272049",4.88551477334242
"ENSG00000272054",7.84898889731731
"ENSG00000272056",4.14854917917621
"ENSG00000272065",4.88551477334242
"ENSG00000272068",7.20744286822978
"ENSG00000272070",10.1560437157231
"ENSG00000272072",6.26402639659615
"ENSG00000272076",5.37094160051266
"ENSG00000272077",8.58595449148351
"ENSG00000272079",9.10274548956309
"ENSG00000272081",5.37094160051266
"ENSG00000272084",7.42156767358263
"ENSG00000272086",7.20744286822978
"ENSG00000272087",6.6510495197054
"ENSG00000272091",9.85820742734668
"ENSG00000272092",4.88551477334242
"ENSG00000272093",9.59700967999251
"ENSG00000272102",4.14854917917621
"ENSG00000272103",2.56358667845506
"ENSG00000272106",10.9342740852623
"ENSG00000272108",6.02301829709235
"ENSG00000272109",4.88551477334242
"ENSG00000272112",5.37094160051266
"ENSG00000272114",6.6510495197054
"ENSG00000272123",2.56358667845506
"ENSG00000272129",9.96446611473724
"ENSG00000272137",5.37094160051266
"ENSG00000272138",4.14854917917621
"ENSG00000272140",7.84898889731731
"ENSG00000272142",6.47047727406358
"ENSG00000272143",9.83971108372929
"ENSG00000272144",6.02301829709235
"ENSG00000272145",8.62967586891283
"ENSG00000272146",7.77304004408401
"ENSG00000272148",6.02301829709235
"ENSG00000272153",2.56358667845506
"ENSG00000272155",6.47047727406358
"ENSG00000272156",5.37094160051266
"ENSG00000272158",2.56358667845506
"ENSG00000272159",7.98985143315716
"ENSG00000272168",8.71333379795974
"ENSG00000272172",4.88551477334242
"ENSG00000272173",6.26402639659615
"ENSG00000272175",4.14854917917621
"ENSG00000272181",4.88551477334242
"ENSG00000272182",6.95590410123382
"ENSG00000272186",6.02301829709235
"ENSG00000272195",7.60798079781351
"ENSG00000272198",9.94729097092911
"ENSG00000272201",9.03932010942146
"ENSG00000272216",10.0474024557193
"ENSG00000272217",4.14854917917621
"ENSG00000272221",9.13344228678601
"ENSG00000272223",5.73351167989737
"ENSG00000272234",5.37094160051266
"ENSG00000272235",5.73351167989737
"ENSG00000272240",8.4462297278169
"ENSG00000272247",2.56358667845506
"ENSG00000272250",5.37094160051266
"ENSG00000272265",4.14854917917621
"ENSG00000272267",6.26402639659615
"ENSG00000272268",5.37094160051266
"ENSG00000272269",6.26402639659615
"ENSG00000272273",8.93862610980198
"ENSG00000272275",5.37094160051266
"ENSG00000272277",6.81151419189864
"ENSG00000272279",2.56358667845506
"ENSG00000272282",4.14854917917621
"ENSG00000272288",10.402790466552
"ENSG00000272293",7.51778298884193
"ENSG00000272301",6.02301829709235
"ENSG00000272305",4.88551477334242
"ENSG00000272308",4.88551477334242
"ENSG00000272316",9.22179816120685
"ENSG00000272320",4.14854917917621
"ENSG00000272323",6.47047727406358
"ENSG00000272325",14.9426942440162
"ENSG00000272327",4.14854917917621
"ENSG00000272334",2.56358667845506
"ENSG00000272335",10.3383737380562
"ENSG00000272338",7.31847418061853
"ENSG00000272341",10.6563438193749
"ENSG00000272343",6.6510495197054
"ENSG00000272345",8.05543977478473
"ENSG00000272347",4.88551477334242
"ENSG00000272349",2.56358667845506
"ENSG00000272354",4.88551477334242
"ENSG00000272356",7.84898889731731
"ENSG00000272360",6.6510495197054
"ENSG00000272361",4.14854917917621
"ENSG00000272365",7.31847418061853
"ENSG00000272367",7.92113868307314
"ENSG00000272368",6.95590410123382
"ENSG00000272369",7.84898889731731
"ENSG00000272370",5.73351167989737
"ENSG00000272373",7.60798079781351
"ENSG00000272374",8.34494639197972
"ENSG00000272375",6.02301829709235
"ENSG00000272377",6.47047727406358
"ENSG00000272379",5.37094160051266
"ENSG00000272381",2.56358667845506
"ENSG00000272382",2.56358667845506
"ENSG00000272384",4.14854917917621
"ENSG00000272386",4.88551477334242
"ENSG00000272389",5.37094160051266
"ENSG00000272402",4.88551477334242
"ENSG00000272403",7.51778298884193
"ENSG00000272405",8.3964766926198
"ENSG00000272411",4.14854917917621
"ENSG00000272416",6.81151419189864
"ENSG00000272417",4.14854917917621
"ENSG00000272418",6.26402639659615
"ENSG00000272420",5.73351167989737
"ENSG00000272425",5.37094160051266
"ENSG00000272428",2.56358667845506
"ENSG00000272432",2.56358667845506
"ENSG00000272434",5.37094160051266
"ENSG00000272440",2.56358667845506
"ENSG00000272444",6.26402639659615
"ENSG00000272447",8.79240536895094
"ENSG00000272452",9.91231483268614
"ENSG00000272455",8.71333379795974
"ENSG00000272459",6.02301829709235
"ENSG00000272462",11.7754749730011
"ENSG00000272463",6.26402639659615
"ENSG00000272468",4.14854917917621
"ENSG00000272473",6.6510495197054
"ENSG00000272476",4.88551477334242
"ENSG00000272482",5.73351167989737
"ENSG00000272486",6.02301829709235
"ENSG00000272491",7.42156767358263
"ENSG00000272498",6.81151419189864
"ENSG00000272501",11.3016789380755
"ENSG00000272502",5.73351167989737
"ENSG00000272505",8.75341123733508
"ENSG00000272506",2.56358667845506
"ENSG00000272509",4.88551477334242
"ENSG00000272511",7.20744286822978
"ENSG00000272512",9.03932010942146
"ENSG00000272518",6.6510495197054
"ENSG00000272520",8.58595449148351
"ENSG00000272523",6.6510495197054
"ENSG00000272525",6.47047727406358
"ENSG00000272529",5.73351167989737
"ENSG00000272540",7.20744286822978
"ENSG00000272541",4.88551477334242
"ENSG00000272555",5.73351167989737
"ENSG00000272556",4.14854917917621
"ENSG00000272558",2.56358667845506
"ENSG00000272562",5.73351167989737
"ENSG00000272565",10.5465802531494
"ENSG00000272567",5.37094160051266
"ENSG00000272568",6.47047727406358
"ENSG00000272572",4.88551477334242
"ENSG00000272574",6.81151419189864
"ENSG00000272576",4.14854917917621
"ENSG00000272578",9.19294329853467
"ENSG00000272579",9.27783219612118
"ENSG00000272582",4.88551477334242
"ENSG00000272588",5.73351167989737
"ENSG00000272593",7.77304004408401
"ENSG00000272597",2.56358667845506
"ENSG00000272599",6.95590410123382
"ENSG00000272604",7.69286969540002
"ENSG00000272606",7.31847418061853
"ENSG00000272610",7.60798079781351
"ENSG00000272622",7.51778298884193
"ENSG00000272625",6.26402639659615
"ENSG00000272627",6.02301829709235
"ENSG00000272630",6.6510495197054
"ENSG00000272631",10.0792865167391
"ENSG00000272632",4.88551477334242
"ENSG00000272636",8.62967586891283
"ENSG00000272638",2.56358667845506
"ENSG00000272644",6.26402639659615
"ENSG00000272645",8.58595449148351
"ENSG00000272650",6.02301829709235
"ENSG00000272654",6.95590410123382
"ENSG00000272655",9.89450355656967
"ENSG00000272656",4.14854917917621
"ENSG00000272658",5.73351167989737
"ENSG00000272661",7.31847418061853
"ENSG00000272662",2.56358667845506
"ENSG00000272663",6.26402639659615
"ENSG00000272667",7.60798079781351
"ENSG00000272668",6.6510495197054
"ENSG00000272669",7.08714863451207
"ENSG00000272677",6.02301829709235
"ENSG00000272678",5.73351167989737
"ENSG00000272686",10.3383737380562
"ENSG00000272688",9.66161876141559
"ENSG00000272689",2.56358667845506
"ENSG00000272690",7.20744286822978
"ENSG00000272692",4.14854917917621
"ENSG00000272695",8.49432401601794
"ENSG00000272696",6.02301829709235
"ENSG00000272699",2.56358667845506
"ENSG00000272700",6.02301829709235
"ENSG00000272707",4.14854917917621
"ENSG00000272711",6.02301829709235
"ENSG00000272715",5.73351167989737
"ENSG00000272716",5.73351167989737
"ENSG00000272720",8.71333379795974
"ENSG00000272721",2.56358667845506
"ENSG00000272732",6.95590410123382
"ENSG00000272733",6.47047727406358
"ENSG00000272734",9.16349952064219
"ENSG00000272735",4.14854917917621
"ENSG00000272744",4.14854917917621
"ENSG00000272746",5.37094160051266
"ENSG00000272750",8.62967586891283
"ENSG00000272754",5.37094160051266
"ENSG00000272755",7.60798079781351
"ENSG00000272758",9.03932010942146
"ENSG00000272760",8.75341123733508
"ENSG00000272761",13.0564412986298
"ENSG00000272764",6.81151419189864
"ENSG00000272767",6.26402639659615
"ENSG00000272768",7.42156767358263
"ENSG00000272769",6.47047727406358
"ENSG00000272777",7.20744286822978
"ENSG00000272779",8.90343668133968
"ENSG00000272782",8.71333379795974
"ENSG00000272783",4.88551477334242
"ENSG00000272784",6.26402639659615
"ENSG00000272789",11.1597764345995
"ENSG00000272791",5.73351167989737
"ENSG00000272792",4.88551477334242
"ENSG00000272799",2.56358667845506
"ENSG00000272800",5.73351167989737
"ENSG00000272807",7.20744286822978
"ENSG00000272810",5.37094160051266
"ENSG00000272812",7.51778298884193
"ENSG00000272821",7.84898889731731
"ENSG00000272823",4.88551477334242
"ENSG00000272828",2.56358667845506
"ENSG00000272829",4.88551477334242
"ENSG00000272831",9.89450355656967
"ENSG00000272836",4.88551477334242
"ENSG00000272841",7.20744286822978
"ENSG00000272842",5.73351167989737
"ENSG00000272848",4.14854917917621
"ENSG00000272851",5.37094160051266
"ENSG00000272853",5.73351167989737
"ENSG00000272854",6.02301829709235
"ENSG00000272856",7.20744286822978
"ENSG00000272858",6.47047727406358
"ENSG00000272859",4.14854917917621
"ENSG00000272861",5.73351167989737
"ENSG00000272862",6.26402639659615
"ENSG00000272864",7.31847418061853
"ENSG00000272870",9.19294329853467
"ENSG00000272871",8.67211113523323
"ENSG00000272872",4.14854917917621
"ENSG00000272885",5.37094160051266
"ENSG00000272888",12.3757639839695
"ENSG00000272894",8.17829652257027
"ENSG00000272899",12.7791196782007
"ENSG00000272902",7.08714863451207
"ENSG00000272905",5.73351167989737
"ENSG00000272906",5.73351167989737
"ENSG00000272908",6.02301829709235
"ENSG00000272909",9.07138131865375
"ENSG00000272910",5.73351167989737
"ENSG00000272911",2.56358667845506
"ENSG00000272913",7.84898889731731
"ENSG00000272914",7.51778298884193
"ENSG00000272916",7.20744286822978
"ENSG00000272918",6.6510495197054
"ENSG00000272927",6.26402639659615
"ENSG00000272931",5.37094160051266
"ENSG00000272936",7.31847418061853
"ENSG00000272941",9.22179816120685
"ENSG00000272944",4.14854917917621
"ENSG00000272945",4.88551477334242
"ENSG00000272947",5.73351167989737
"ENSG00000272948",2.56358667845506
"ENSG00000272950",4.88551477334242
"ENSG00000272953",5.37094160051266
"ENSG00000272955",5.73351167989737
"ENSG00000272960",6.95590410123382
"ENSG00000272970",4.88551477334242
"ENSG00000272971",4.88551477334242
"ENSG00000272973",4.88551477334242
"ENSG00000272977",8.71333379795974
"ENSG00000272979",5.73351167989737
"ENSG00000272983",6.81151419189864
"ENSG00000272986",6.81151419189864
"ENSG00000272990",6.81151419189864
"ENSG00000272991",2.56358667845506
"ENSG00000272992",5.37094160051266
"ENSG00000272993",7.08714863451207
"ENSG00000272994",9.13344228678601
"ENSG00000272995",2.56358667845506
"ENSG00000273000",5.37094160051266
"ENSG00000273001",7.77304004408401
"ENSG00000273002",5.73351167989737
"ENSG00000273007",7.51778298884193
"ENSG00000273008",6.02301829709235
"ENSG00000273010",4.14854917917621
"ENSG00000273014",10.1104811383427
"ENSG00000273015",12.2932074220081
"ENSG00000273017",5.73351167989737
"ENSG00000273018",10.9516039638002
"ENSG00000273026",5.37094160051266
"ENSG00000273033",10.9429650455263
"ENSG00000273035",7.08714863451207
"ENSG00000273038",8.34494639197972
"ENSG00000273055",5.37094160051266
"ENSG00000273056",2.56358667845506
"ENSG00000273058",7.60798079781351
"ENSG00000273061",8.4462297278169
"ENSG00000273064",6.02301829709235
"ENSG00000273066",9.35800254480516
"ENSG00000273073",6.02301829709235
"ENSG00000273075",4.14854917917621
"ENSG00000273077",6.02301829709235
"ENSG00000273080",7.92113868307314
"ENSG00000273081",8.34494639197972
"ENSG00000273084",5.37094160051266
"ENSG00000273091",2.56358667845506
"ENSG00000273096",6.47047727406358
"ENSG00000273097",5.37094160051266
"ENSG00000273100",6.02301829709235
"ENSG00000273104",4.14854917917621
"ENSG00000273107",6.02301829709235
"ENSG00000273117",6.26402639659615
"ENSG00000273125",4.88551477334242
"ENSG00000273131",10.1258291026761
"ENSG00000273133",4.88551477334242
"ENSG00000273137",4.88551477334242
"ENSG00000273142",8.79240536895094
"ENSG00000273145",6.81151419189864
"ENSG00000273148",9.82097452114771
"ENSG00000273149",10.9516039638002
"ENSG00000273151",6.81151419189864
"ENSG00000273154",4.14854917917621
"ENSG00000273156",7.20744286822978
"ENSG00000273162",4.14854917917621
"ENSG00000273173",8.71333379795974
"ENSG00000273175",4.14854917917621
"ENSG00000273181",2.56358667845506
"ENSG00000273183",6.02301829709235
"ENSG00000273186",4.14854917917621
"ENSG00000273188",4.88551477334242
"ENSG00000273190",6.02301829709235
"ENSG00000273192",4.88551477334242
"ENSG00000273193",5.73351167989737
"ENSG00000273203",5.73351167989737
"ENSG00000273209",2.56358667845506
"ENSG00000273210",6.95590410123382
"ENSG00000273211",6.47047727406358
"ENSG00000273212",4.88551477334242
"ENSG00000273216",2.56358667845506
"ENSG00000273219",2.56358667845506
"ENSG00000273221",4.14854917917621
"ENSG00000273226",7.20744286822978
"ENSG00000273230",8.23601202042655
"ENSG00000273237",10.3117795280445
"ENSG00000273240",2.56358667845506
"ENSG00000273243",6.47047727406358
"ENSG00000273247",9.74349576846999
"ENSG00000273249",4.14854917917621
"ENSG00000273253",6.95590410123382
"ENSG00000273254",4.14854917917621
"ENSG00000273257",4.88551477334242
"ENSG00000273259",7.31847418061853
"ENSG00000273261",4.14854917917621
"ENSG00000273262",4.88551477334242
"ENSG00000273265",6.26402639659615
"ENSG00000273270",10.3514892378465
"ENSG00000273271",7.60798079781351
"ENSG00000273275",7.31847418061853
"ENSG00000273281",8.4462297278169
"ENSG00000273284",8.4462297278169
"ENSG00000273290",10.8443574485857
"ENSG00000273297",4.88551477334242
"ENSG00000273300",4.14854917917621
"ENSG00000273302",4.88551477334242
"ENSG00000273305",6.02301829709235
"ENSG00000273306",6.26402639659615
"ENSG00000273311",8.97297761459276
"ENSG00000273314",8.49432401601794
"ENSG00000273320",6.6510495197054
"ENSG00000273321",2.56358667845506
"ENSG00000273328",5.73351167989737
"ENSG00000273329",9.03932010942146
"ENSG00000273340",7.20744286822978
"ENSG00000273341",6.02301829709235
"ENSG00000273343",5.37094160051266
"ENSG00000273344",9.55227136522722
"ENSG00000273348",7.60798079781351
"ENSG00000273352",6.95590410123382
"ENSG00000273355",6.02301829709235
"ENSG00000273356",7.77304004408401
"ENSG00000273363",6.02301829709235
"ENSG00000273368",4.14854917917621
"ENSG00000273369",5.37094160051266
"ENSG00000273372",7.92113868307314
"ENSG00000273373",9.74349576846999
"ENSG00000273374",6.47047727406358
"ENSG00000273375",6.26402639659615
"ENSG00000273381",8.23601202042655
"ENSG00000273382",8.90343668133968
"ENSG00000273387",7.31847418061853
"ENSG00000273388",6.02301829709235
"ENSG00000273389",4.14854917917621
"ENSG00000273391",6.02301829709235
"ENSG00000273399",5.73351167989737
"ENSG00000273402",6.6510495197054
"ENSG00000273403",4.14854917917621
"ENSG00000273407",4.14854917917621
"ENSG00000273416",2.56358667845506
"ENSG00000273419",4.88551477334242
"ENSG00000273424",6.81151419189864
"ENSG00000273432",6.26402639659615
"ENSG00000273437",6.26402639659615
"ENSG00000273447",4.88551477334242
"ENSG00000273448",8.1181755301327
"ENSG00000273449",6.47047727406358
"ENSG00000273454",4.14854917917621
"ENSG00000273456",7.08714863451207
"ENSG00000273464",4.14854917917621
"ENSG00000273466",7.92113868307314
"ENSG00000273472",5.73351167989737
"ENSG00000273473",5.73351167989737
"ENSG00000273474",4.14854917917621
"ENSG00000273477",8.62967586891283
"ENSG00000273483",6.02301829709235
"ENSG00000273485",4.88551477334242
"ENSG00000273486",7.60798079781351
"ENSG00000273487",6.47047727406358
"ENSG00000273488",6.26402639659615
"ENSG00000273489",8.23601202042655
"ENSG00000273492",8.23601202042655
"ENSG00000273493",2.56358667845506
